tensor
4
5 4 7 2
70
29
23
56
72
43
99
69
49
40
35
73
44
6
40
74
19
18
54
54
64
85
73
62
73
33
37
23
30
64
10
44
44
50
43
32
43
90
95
51
63
12
32
42
87
26
49
99
52
62
13
83
61
55
35
31
42
69
88
52
67
59
63
68
85
9
77
25
20
58
10
89
63
73
2
60
56
16
16
70
32
70
56
39
93
85
36
5
31
40
71
100
36
77
60
70
16
40
25
35
52
67
11
14
33
67
85
56
86
39
32
36
18
83
34
56
58
53
1
99
91
21
30
53
91
99
26
57
81
40
74
17
61
87
99
8
43
21
46
55
10
30
93
57
46
76
75
5
71
84
17
79
29
31
67
12
67
89
70
45
44
77
57
9
59
82
34
93
76
58
76
8
86
83
91
13
9
14
40
43
57
13
21
82
47
81
1
56
94
59
21
72
38
67
3
64
4
75
48
13
55
7
66
100
77
58
11
70
67
5
80
52
43
79
42
49
19
33
85
19
42
99
24
92
92
10
47
51
32
5
25
10
24
81
90
5
31
99
54
63
1
49
99
38
10
47
97
35
80
80
21
45
72
42
20
97
66
87
3
27
51
7
100
24
38
22
11
24
31
64
29
37
1
37
54
17
60
30
64
3