tensor
2
96 96
-8231.56394617694
-6290.04139900380
-6349.20706948689
-6338.83990225622
-6868.36783018107
-6137.91174196802
-6019.22348219282
-5946.32263322612
-6809.31343867315
-6100.16788162368
-6570.24513854605
-6520.90967779335
-6193.04913784657
-6092.32611541472
-6280.76114551862
-6109.51689482496
-6564.41696296318
-6456.50964355123
-6548.68921051583
-6525.38209642980
-5876.69139379850
-6827.37574141078
-6434.11936617440
-6092.33632003690
-6290.04018416782
-6378.64023693650
-6566.84456968903
-6643.06738762527
-6586.87247703179
-6272.47900126927
-6120.52112204014
-6420.45185405451
-6292.49597508826
-6356.20829068578
-6444.22097026127
-6578.23377842421
-5940.79014871919
-6535.46875803419
-6360.69346509995
-6317.52208207680
-6125.28425092504
-6461.56226784862
-6533.01612568729
-6802.14311230675
-6367.22831076861
-5835.44601172773
-5797.61273945574
-6088.41033462133
-6543.59382399217
-6578.97349204847
-6651.48753724122
-6568.98365287117
-6146.34962818917
-6656.59397877224
-6390.02179220505
-6324.66094419149
-5743.76877943818
-6324.75229985669
-6490.21174461173
-6436.90826511877
-6429.14145428938
-6324.50058584298
-6801.14172301379
-6380.42580285035
-6091.48010364277
-6443.20633925620
-5925.39890583650
-6470.05287795103
-6302.85986226180
-6251.92227582725
-6626.35622545737
-6126.25867085939
-6303.02665924097
-6642.12467490983
-6547.36965568141
-5812.39449913053
-6670.85542419957
-6159.59632112784
-6463.43105002666
-6447.13694104847
-6858.48975591333
-6578.38138099499
-6524.49757435749
-6148.06327581339
-6481.02151047218
-6511.76220588007
-6384.66400111111
-6626.04741415291
-6915.64766698301
-6221.83674145986
-6490.81381732019
-6357.95230920934
-6132.97039664580
-6306.86626981882
-6354.95725260027
-6021.42099898529
0
-5405.12462380086
-2487.98216841546
-1607.88866086123
-2416.37370340425
-2962.46787152333
-1998.78705101054
-2033.85328374613
-2302.18495188048
-2780.78389118518
-2843.20975861889
-2643.67987087540
-2154.92987628650
-2158.19658744638
-2203.38811893270
-2078.55111317259
-1909.10372301140
-2003.54863259014
-2112.61451888896
-2145.99075441516
-2171.63759594946
-2359.76426589824
-2081.62653106765
-2186.03198865832
-2433.86392651501
-2532.81391145634
-2463.09691680538
-2381.04447375628
-2198.09814878176
-2559.96898696930
-2292.98242344227
-2085.39577201462
-2035.14841548552
-2056.20434022110
-2540.30984822564
-1880.58646356219
-2131.81875049157
-2272.49116440013
-2514.47001208850
-2189.28357590673
-2190.93699132659
-2614.60943393633
-2224.33522737413
-1702.89898240487
-2103.34712326427
-2363.59823200473
-2404.43186012844
-2301.05405643049
-2205.34248115846
-1750.53269454738
-2088.61493703293
-2063.57182310772
-2173.27799144771
-2450.89451570272
-2246.49498977790
-2508.26442866354
-2292.16353985122
-2469.06558577596
-2227.01459742236
-2570.04759328654
-2375.60130175852
-1986.87860770767
-2524.03394024942
-2219.87990877475
-2218.00139706098
-2620.78071639236
-2329.51605245735
-2010.12618582403
-2111.58323417676
-2359.36596272686
-2366.54025718499
-2712.50255261989
-2141.38566266963
-2385.48945952065
-1999.00993283384
-1905.30463030938
-2274.90595885079
-2430.82279381658
-1924.66406230803
-2208.96585495608
-2085.31981871968
-2001.80560637974
-2566.12550402918
-2642.19318987621
-2657.54009223841
-2441.38628856751
-2326.99724607595
-2652.92115376477
-2281.80971432995
-2607.79413971453
-2100.23268026842
-2042.86515681054
-2787.85862584551
-2403.42396688791
-2626.89036432622
-2587.80335497905
0
0
5200.78641345945
1201.40803072758
2017.82613170219
2295.97568288014
1776.31485668354
1222.58829550890
1437.12840212171
1319.01825610433
1078.41035791396
1216.14238572910
1591.01217933199
1707.47818251214
1269.23220035116
1465.77121775003
1859.33522787264
2263.17678131440
1777.57250193238
1306.08365575179
1135.96182820150
1774.26902929370
2139.81507007582
1758.99466590037
1478.48070166975
1892.46523195794
1725.76762671700
1986.56925417354
1591.79632584034
1806.37485253078
2065.64734386746
1252.76769436521
1379.79442568024
1500.03038624476
1284.14234361982
2264.64866376831
1348.41591143761
1603.80496353072
1388.68604808799
1814.38380394878
1563.11125252693
1982.22051445176
1916.16702843991
1483.42826401756
1365.86398571908
1514.92544546975
1458.76450447889
1689.11735690424
1907.08678957060
1537.33555455481
1740.87145022700
1821.79480168415
1900.48712130381
1485.37336191072
1862.94268145297
1454.32445163902
1351.56976023083
1478.56847476698
1672.32864609629
1789.93660060751
1434.15848233104
1760.21737768684
1317.59832284373
1232.59873556055
1367.56270522812
1429.18387336278
1654.92567733740
1920.67153438814
1455.24187480543
2070.73038349227
1809.83691683907
1383.76652733705
1597.64323527245
1307.80833487342
1735.22569680471
1694.79846106611
1527.78416359133
1538.85875920687
1559.78699602493
1396.15075892835
1582.38162021723
1936.15849146182
1488.87778972409
1924.92189598936
2001.08526278671
1148.33168306678
1325.53521440855
1399.75819266220
1860.89281357416
1646.83072453355
1523.85003656486
1681.66743891873
1824.99312544972
1587.25805375027
1903.73672624857
2196.92133342813
0
0
0
-4967.11158436586
-772.283745225966
-1006.72793956753
-829.237872313266
-1340.49893553546
-1073.12297994609
-1198.50728293228
-1632.64146872668
-1113.92472775511
-1456.34797271043
-1098.87672296408
-841.086622077833
-1294.48741713561
-1388.61734828192
-1250.82536375022
-823.490200837770
-1130.66435112914
-1233.92918935171
-1047.46951389567
-1104.33370133398
-1947.80807875834
-1503.60010423864
-1268.18573352522
-1392.88554387948
-1408.98620559535
-1030.60900616706
-1391.96419138502
-1009.54924367172
-1061.39234514513
-1482.69495038330
-1463.21900385736
-762.979567928741
-1586.43999901252
-1150.90336840283
-979.551362181106
-1309.71550690252
-1406.58535933465
-1425.31479323645
-1329.49192852665
-1431.14680100055
-1928.58607308211
-1870.80499570348
-845.415592112468
-1376.82751812928
-1189.37568574031
-1649.32932794425
-1366.13044548480
-917.462411956169
-1815.77351553179
-1058.42119814411
-1196.94522397273
-1207.43648826671
-1210.05069603496
-1386.32938399083
-1337.45941460911
-909.953231005695
-1002.09032307366
-1065.48717671767
-1401.58346136377
-1370.46563000377
-1649.15996651465
-1901.56020900865
-1634.49720043961
-1196.04611914630
-1198.13300739562
-1624.95753436076
-1482.14281009191
-1899.60195982077
-1045.34510286562
-1477.19008203521
-1469.51020974822
-1116.58664926785
-949.054706953656
-1179.96620293982
-1125.75513649364
-1535.31968832985
-994.324595811551
-1532.13638545215
-1175.67576539255
-1543.68680260803
-1391.96270791830
-1733.80778965543
-735.130789232004
-1019.44074414851
-1261.81394869705
-1497.45198105252
-1623.34901806499
-1264.99622297686
-1580.69183366452
-1385.88186392540
-898.538242730994
-1269.63154773946
-1567.21478212486
0
0
0
0
-4770.99350176771
-1059.19524495553
-637.258914036017
-669.853810545677
-1102.91069851545
-1514.61176638820
-924.883525707207
-471.996949491874
-860.713355739018
-1271.22287797027
-907.231514957732
-545.614743070558
-1219.96662862013
-429.716219986132
-990.111217749803
-969.517453830569
-1557.06101522594
-1116.47347279604
-1301.47634560537
-1218.27729885681
-879.805986404085
-1050.03048880689
-549.947828086179
-1028.07872384130
-1550.63627827546
-1179.42868051243
-1389.17953427860
-815.824644940643
-1064.08245992175
-1528.68109985658
-467.020628862768
-1412.40539940884
-527.615361536486
-857.788964621487
-470.540866846734
-1591.09213589260
-687.242811923016
-922.863497018326
-1078.94293740882
-814.063938237983
-968.274404900384
-186.352560223332
-1501.33166142658
-734.830419709915
-762.330805058960
-785.517051757920
-1113.86623188599
-1260.66589327105
-1139.63665779559
-1188.33288550144
-1076.27886528274
-785.909614041307
-951.128975177006
-877.278148272982
-1222.23629054773
-770.437857272423
-1351.56676528028
-1114.75328268238
-759.664435452409
-953.882008212051
-1224.92368989353
-761.629430686199
-1175.77003346460
-1027.54217481318
-593.536233038114
-1272.97566277701
-296.314275596730
-966.286978864175
-1072.93508084689
-714.141169130410
-555.968138356954
-1286.07478750595
-716.925047025324
-841.282574083906
-1474.95947610427
-1275.48294154188
-872.685241055203
-984.650898671437
-695.617972859852
-1360.65977793737
-537.650207838533
-1577.92754903483
-634.308159038153
-996.327310686608
-950.456770883814
-1607.06870894830
-1103.20475567385
-1084.02372267613
-420.645154129308
-1487.66768825738
-1195.16254277375
-1584.46389873324
0
0
0
0
0
4453.29221030733
593.923709322247
564.563846654893
386.038583627710
800.454503785740
567.467069954161
880.830549615312
1226.44534289930
822.208214455864
466.892768474530
873.822146252967
482.183583780317
1454.94003393363
1334.27939524071
965.137422161497
396.623408490756
1136.44186003040
260.319984498619
628.384212295096
1104.31121227688
635.348132682016
890.246028544216
657.524413635163
983.014277822805
458.667045934375
906.309698544563
887.283820542773
661.985598835590
562.080498986741
1161.33287766193
727.503541725901
583.761026384340
626.686833637540
875.615352567158
897.305743652301
630.541928628053
777.694137189280
538.273091271576
802.585114613265
630.470756946882
500.951711489908
1035.09368391815
767.932542044703
868.392692528355
807.867899344856
810.257973107381
827.726969200408
974.354899560501
964.046897076259
795.394555892604
604.571689932753
101.023509315054
986.790906183313
504.475051441174
998.370911706980
1011.05870228057
507.449218048364
400.801500063893
500.839178334672
777.388468944752
970.487133967842
1293.30090201246
980.446627504325
-46.9288560999067
556.948190652827
803.024162814562
909.067521888100
777.299801386640
548.880225728260
763.314029385074
615.396077646750
1071.91293322605
763.900028200472
656.435907453823
911.213522667870
1552.40721213323
886.318411819215
538.281606382176
521.397362597569
430.904676755008
538.902470049303
988.183300752184
986.973817055087
1333.03566111920
984.852329933312
512.024544806829
863.131440803829
536.996695715821
380.306325040345
812.433031109470
631.867037374047
0
0
0
0
0
0
-4461.08739896053
-595.533089738502
-715.014077600155
-173.145519892791
-858.624611100415
-797.795954530466
-1051.07861827029
-325.746604003376
-689.973354298529
-384.380871172909
-645.519680687578
-519.979568540282
-570.318463122066
-720.593410469313
-612.135353807229
-450.420696226203
-319.853232888627
-584.285076799850
-471.659782753050
-507.327629970941
-295.256542461209
-177.624641852217
-563.057481717465
-376.952860678288
-670.868401214651
-597.005641813554
-681.520395097627
-404.228960724200
-698.365272123023
-609.771547965697
-883.166453539251
-691.666692757457
-235.910866271860
-380.670531713141
-150.979233867414
-51.5949098111184
38.5918839506048
-239.568251596369
-674.021982117098
-91.0232482998035
-937.068783749509
-390.055638774953
-469.987284443161
-639.920987517527
-342.539921713027
-654.590877478690
-576.989712268540
-708.501222464559
-648.144635987677
-1026.22076090512
-610.522299124309
-1201.56133567876
-572.926582375716
-496.321815501725
-622.442552019473
-746.603255015173
-347.186821198310
-785.123049184899
-483.834899038681
-820.416688807994
-463.909188211125
-179.928337580054
-707.475603714840
-986.777702717011
-816.611862737980
-1004.52401770125
-867.004845069119
-571.602574646138
-487.923769397479
-296.719491554470
-587.860721745296
-862.951134301286
-879.388840201602
-445.933304947425
-513.019485421542
-567.247830188267
-640.608454159611
-342.675250487030
-351.031220816890
-537.154113927287
-592.415599819612
-315.726735933051
-745.230743283960
-733.534978190844
-207.305140406156
-895.979384834053
-582.203742164827
-624.212228083238
-438.663904185692
-1153.62906327548
0
0
0
0
0
0
0
4608.40409468018
626.864185259507
341.305392577537
709.289704200040
630.407807318781
749.644513037691
663.309625382512
-39.9994646706767
848.953900021307
385.686306725948
785.019367707228
822.768534560994
331.461510139064
253.570200597681
518.145980577420
751.212355846585
615.500618321544
637.986895913050
779.147152948983
696.056462579186
370.939427236342
150.208796677132
-47.5594101508544
285.134655857123
423.480252250701
178.368078888569
432.752156392249
60.0589766633528
338.751346414096
443.238015271627
915.634008654722
772.670468680445
527.912663041228
733.145607969789
422.828554722125
591.415557457498
833.690337931345
465.698226661828
1114.32565390598
1024.92240515720
941.409540402274
680.783920224336
514.645573100933
746.410143795387
530.400520597156
304.090030343721
978.842234469117
347.670085726048
1022.11948585229
94.6208496394340
639.815105563951
383.655274980619
945.835781435716
405.180586693230
415.234632422922
720.861030209557
500.394634745583
717.263934833705
728.147735081920
466.736402476093
945.498637336211
586.400490121953
252.140884473798
188.507654849355
374.005062852440
251.585557141853
398.288801781233
416.578971893207
425.649439967872
697.480979645022
50.5027676999686
762.095981873802
535.238703357546
562.289130494661
295.915854347312
583.898736753507
302.038552145226
279.962123365690
885.503921020680
951.343328004223
170.909177941434
-117.889267503533
322.355980426922
669.173505036681
102.512283711583
617.628613145294
213.620555560080
531.936189486054
520.195240606275
0
0
0
0
0
0
0
0
4276.50304946582
311.145405601268
430.885092633054
823.930341357108
-20.1876668150240
519.126038038007
204.349283323645
502.646861777553
203.772925371897
558.459250440729
719.747077410994
893.172360573138
1020.30454166921
590.527947590558
268.691950217763
787.381106776367
233.362586599601
787.969941380097
432.921028094397
-139.556300692384
864.758416014543
726.373853505740
357.014861693294
693.751880296067
889.168921923957
605.778322281418
737.969292129338
518.157597958408
645.196946388049
339.107800195349
631.581594562944
438.798519400686
146.120055496954
854.785044271651
490.364072289788
773.833944314384
257.905780754386
-212.641771254175
798.112208315846
173.133195423260
49.6083128925449
241.113604446812
286.457264953966
153.876838042352
722.852260429822
-84.3319448370328
942.533916605569
635.838181162744
480.558452605463
289.453104800249
651.237018941413
569.394136688668
1070.11217161806
-155.757290634679
570.749242284355
382.407345559211
-179.204632230831
305.371785300408
95.1932438787978
860.213356883811
633.532389524841
217.711723828028
763.496570930118
132.550200489541
364.461328972653
-249.950056352369
387.432584214723
437.522588202547
-61.2376991760427
418.921711956823
70.0551741454780
845.629101009185
-517.684594143518
243.130687000371
570.109469207535
737.064155878754
71.7283212665068
337.373952797657
334.225013289849
228.782816216740
821.686849188847
93.6644176930964
695.303826367206
577.696104541306
362.330698995067
289.249990396960
30.9388618185786
553.184653828119
0
0
0
0
0
0
0
0
0
4328.25570852197
274.919692873122
72.3301731619968
198.051438223956
-4.43084819818989
539.312051520232
78.4660680632155
385.655816279222
530.341039281149
297.386526659743
88.4582248440281
559.938540804282
414.054783960891
-53.7486483344189
276.647640704325
56.6721037012693
84.7761557937822
196.951513968549
304.492980566953
321.046563022176
269.645562613706
281.042691175742
306.004410506915
438.177510371977
524.863829303873
363.405204206458
308.962491365480
223.413959942620
185.367951691236
-29.4810938713671
719.525365533956
-71.4000493715617
669.067117134056
8.16414589341261
212.192140210469
-25.4848030032330
510.422884997764
498.879494250595
258.585859483467
691.546459703066
287.156814527609
366.749014340278
-37.1327519725314
462.311060503149
590.390943601883
28.5192227513790
126.547612212402
138.933901268474
632.153351267489
564.883302383141
768.839172114631
393.537109121524
506.626416131549
835.461461062296
910.608996344487
359.133148433596
297.487846975345
-63.7178198949065
485.662475380869
-305.077422866498
709.676589847273
326.307806865643
171.672205546868
292.326903815720
362.084193467436
1023.91393275799
151.110627936804
567.242034741129
782.553742814713
481.626402004324
457.958333360819
118.242925901253
620.496505944566
267.292158616304
395.139009117873
391.990907440821
683.933165554257
276.767912731236
589.771493773156
78.4683789187386
204.234688565625
151.347178011841
551.034783721630
243.427819907578
-54.4616116058620
-10.9410072345709
-82.7663732886500
0
0
0
0
0
0
0
0
0
0
-4545.10469659201
-736.240334309671
-153.026072335798
-316.405038836653
-253.302581884932
-477.260598735251
-89.2161061046051
-652.096057736034
-351.959526040175
-570.018120529829
8.67469519088184
-407.394138084119
-453.630039621458
-637.142353492530
-426.807401384277
-61.7881946751871
-180.138983737622
-85.9153848867052
-757.193140371451
-538.063506802355
-600.108833147600
-610.654793216597
-900.900647039405
-610.376881291629
-167.118344442955
-911.048465372711
66.4873335260432
-479.038340303751
-373.928266670931
-372.753580233699
-796.234895725763
-282.452142177149
-192.736829630111
-380.328939314429
-190.422599787432
63.9659314082194
-779.710382619512
-83.7972394814210
162.750208055186
-659.255596572042
-742.495946925787
-397.396330949367
-229.327180020907
-217.708458801262
-506.046312932183
-344.995253218805
100.310462695732
-180.284303494429
-372.829614270299
-587.276658755426
-964.918179482402
37.2332761239711
-294.535052614260
-334.614904202180
-106.749941965964
-673.331659829956
-128.388712973985
-559.574963023099
-602.437527864206
-706.552367729776
-232.061713479854
-633.211893605904
-323.342646672836
-856.315590109828
44.2751385000564
-111.144685148923
-635.102404944411
-105.989230110516
-30.3745145846810
-790.722466100563
-169.460844576273
-469.846619332664
-65.3017632817212
-929.808636541821
-514.548855035883
-854.683645403012
-671.736374905973
-553.910175287176
56.6101322733182
-107.654081578998
-74.6892687884812
-238.792038294543
-189.815810877589
-450.510264309069
-424.904259821693
-429.784597909533
0
0
0
0
0
0
0
0
0
0
0
-4139.21036619743
-879.619313576090
-9.02601347441828
-213.588853869491
-84.5516321378036
-513.903158499947
-326.504586369350
-431.881900486809
-313.497216048708
-209.913608817853
-280.583418502815
-611.391789684684
-612.676256190619
-657.807158809281
-229.807255417949
-244.832869748448
3.93313854382001
-24.9553129138945
-5.45074677899868
84.7003589106165
-465.700617928246
-6.40904487327387
-232.469384574050
-88.7619088178576
-454.222935601111
-186.641944540006
-111.563078377344
-353.470665098534
-442.337335270955
56.9250291698996
-74.8131939207360
-489.175482665158
200.364700605040
-181.763811095469
-495.124274098059
-695.199576999770
-145.620185627600
-22.1723685073268
-196.169011668624
-236.886523130580
-115.361209287803
30.2943732421464
-352.462923958881
255.491126130008
-175.816874220790
-664.306030673882
-270.301481271581
301.083095100278
-302.682054329319
7.64484418483124
-351.258009112471
-699.433461703066
-231.180599939669
-51.5613260115179
-205.165048833130
-332.895096721740
-0.742620120839582
-320.731880589256
-75.5998249721151
-631.420352110211
-180.475014902351
-716.238401378959
-1097.04373052884
-67.5934506160010
-498.837085453545
32.0778507774115
-612.439262879558
-430.732805129248
-500.941253560602
-267.966227945677
52.0807928076001
-718.865088274171
-467.202625557458
-452.821753935584
-555.165284638402
-723.085340080308
-320.947081450380
-364.348162246463
-792.255304709232
-130.315102918277
58.5374534117970
-275.695381329293
-785.576847100957
-817.351304200943
-546.107038591088
0
0
0
0
0
0
0
0
0
0
0
0
4242.32949979386
88.0024461011468
359.597116122179
991.634436627296
67.6312441551039
167.603403808151
472.462920101589
216.374542444575
587.029981234604
387.665244321079
665.622038371089
165.803221677578
-35.1152070558267
-214.704032392732
390.730749287499
-391.276053485766
490.714540455347
558.425108505117
-4.99443834732233
51.6246424961349
999.226257253443
599.037874818675
2.30872105678702
-40.7566695537131
774.097332350181
98.7514597307375
150.444145922765
29.8116588661319
-3.35990466468269
-436.236844792301
162.634428639532
20.2924223303841
347.605656426848
604.547021751746
-103.167120126371
-143.044660637670
546.056422402982
-87.5682085399833
304.034170140693
-255.357682288919
-251.358916556294
98.7646546370798
333.815927035928
-83.3635832257380
-50.2252552370609
-15.0495795246717
104.304817232006
336.997017163937
232.686844553080
-168.147588608497
278.493114988927
413.497898382901
711.539753026969
690.881084067764
569.127771468774
-119.163575399418
-8.94534691191188
114.189616627587
436.977491932789
41.3270652721521
155.361865627376
336.605733359186
179.903708415152
-228.804733509414
625.296705953142
257.723183145856
-344.904021094361
-402.563296429096
336.725228086261
-22.3768879141643
-39.5535805317132
-123.335894763913
503.077043063083
156.678132117688
100.030899724007
-28.1823141381618
637.322726485131
414.545264269340
114.660777453076
487.453802038568
496.157694301570
124.995726239490
320.465905782223
204.563890158147
0
0
0
0
0
0
0
0
0
0
0
0
0
-4228.71649687937
-229.895155058534
-428.144345186223
-16.1449899712001
-119.270915904026
-834.955257034550
-371.724204263370
-257.195943726619
12.4861382914381
-358.410912989269
-611.976510945499
-688.219009342812
-158.296270458746
-65.4922951585697
-316.281520396819
-138.633610945413
-733.770047828236
-209.117569921179
-106.593797314797
-269.021368087327
-40.3652058641775
-426.669856725279
-663.498728391341
-442.338066031353
384.156664495965
-571.164881180663
-856.286507186089
-17.3244200320632
-115.676278185385
45.2706475175326
-128.023190413231
-507.687813410234
104.484212756967
-160.206873366055
-490.791299867843
-321.073929271253
-614.166711620113
-127.241213511599
-644.049660954877
-59.8035058132287
-68.4207559930000
-129.853569182332
42.0987560457449
-442.174840741174
-80.2953991432229
-869.550808170269
-213.292285209195
-136.142054993926
-630.390300650852
-276.414472630053
-732.023169108216
-372.103511284640
39.4384342438966
-353.857108977688
-222.414248563110
-378.173249050431
-366.711827084256
-673.699793436290
532.207878625299
164.764220828959
-165.781481916527
-267.310373957365
-8.19276825389719
-443.547731410656
-530.369383435139
-646.729857400967
-659.481551600602
-414.282411462037
-635.437390581745
-36.8935477392377
-149.862162879671
-113.564093971089
-370.660140621346
-148.599026884678
-512.968424414524
-382.875611176261
-177.153682203330
-312.258660385194
-113.940274448182
-937.639212668141
-221.152139840764
-375.524870309631
-171.810823466639
0
0
0
0
0
0
0
0
0
0
0
0
0
0
3862.50575365289
434.954104677953
114.588978920400
-30.4121688480212
61.4689320469137
909.494841507678
266.565990601624
532.245185491092
264.258476574733
254.626992679619
-277.720050140824
734.685028191585
107.216068326595
112.198066241724
399.759315964487
-363.754700172854
86.5175176224081
414.596153586149
169.448141000482
301.472393769424
77.5194429955506
342.509803053372
-410.367708861115
485.627744228657
337.406307255313
305.164890259916
110.469418019509
-430.018798902756
106.769741935406
101.173586645822
-144.110461763310
357.775043586482
187.838966685431
48.0933770770941
84.8597544986607
-45.2892797433408
262.142070616964
377.234043887458
-261.802412277583
-1.79326452080426
-514.296990003958
139.529542204698
150.880221948010
-96.3067141778985
-632.764972973313
372.882576544133
163.650581958083
-193.075038067338
335.492051049952
-119.231429148643
-196.543731340307
477.730326035111
191.730640206379
823.836397861907
216.613672658159
-281.817283520058
-116.051242015756
370.417270054785
16.3593454025207
165.759840773367
653.040765100612
-310.483655913712
292.095284763243
356.566179995280
407.806645345356
343.411845931473
282.304940021456
331.550121699454
-50.6443350071326
55.1670611749631
137.078564333985
-21.2902244825808
173.094674968392
438.159066307782
19.3469399751516
637.188010722707
408.955898682509
360.686552658129
317.744352122079
-60.4393515843236
-271.743104612021
690.168191219909
0
0
0
0
0
0
0
0
0
0
0
0
0
0
0
-4182.68295687789
-430.995912559271
-316.349522021667
-204.473230536542
175.681328271539
-707.485857839313
50.8087892344513
-440.386235745108
-371.552236751480
-482.096214271202
-339.134053478321
-7.76938674924709
-128.468984097956
-447.037560678741
-265.950721892406
-415.528619914069
-509.583303610555
-264.707502219667
-352.745117423366
-155.044895227362
-976.397361427542
-303.311568490838
-219.150316977272
-597.818887922249
-97.1540436813045
-893.285065776848
-545.013087984415
-504.629722152060
-361.530957045944
-7.55541161369342
-163.452466761104
-82.6192134553950
-403.500514499947
-360.514693177862
-291.462600342334
-225.747082633381
-567.743673838709
-445.682336489267
-160.206612937505
58.9543290405740
-346.955916617451
170.429875450130
-509.951259209080
-354.958179376191
78.7676662216685
99.9011962563386
138.467143683161
-3.13546682210495
340.040471030200
-520.348460032275
-570.596313202910
-174.705766282816
-218.052240564331
56.7303626825329
-130.086156051493
-395.523304117923
-355.029323407005
-568.228522033083
-171.568116981002
-126.770389706039
-135.432081072538
-304.523412404908
-165.292733916197
-312.377137930902
-494.506762871266
-232.002781589636
29.5257978970382
446.903936254273
-8.11895028906326
-229.807191638249
-508.735576490170
-77.5247330625930
-137.316325103302
-268.351550855298
-81.1950639893198
-525.236192326059
-362.263038079118
-750.007970110021
-513.762214480902
-406.184474762375
-615.803945877105
0
0
0
0
0
0
0
0
0
0
0
0
0
0
0
0
-3892.00932328706
-198.299086634618
-94.5739052986026
-272.050942375585
-8.37599932874377
-227.373001743538
-419.959820819505
-112.074878712162
300.520654746458
-499.358952984679
-431.209803177189
248.050098174109
175.566599574389
-342.714078606082
148.667644857389
-166.365701004962
-726.596301953786
50.6135644023628
96.0366048750872
-194.546163210559
-291.165168071025
333.621786903007
309.538888599273
-485.454757923370
-296.409676992972
-406.570115247694
226.770357384089
-524.411094313387
-278.040763406155
-129.691913149124
-563.331363587681
-54.5834287097878
-250.605117777399
166.859557306369
-479.734514021261
-193.500149375627
-513.262866401030
121.947538701633
-372.227751046668
-200.865724832755
-699.231382908451
99.1879373497881
-355.110911002282
-226.030960356136
204.594682157918
-414.185769227534
-80.5547681381205
-623.508586541234
-694.176861376200
-115.608246948320
-557.422547815678
73.5940530188231
-277.102579109264
106.736706549972
9.07607659389205
55.5241616769698
86.6519039179035
16.1726399276323
-810.425201291970
-582.667526487761
-381.416519534729
-217.930505953392
-272.823151161578
-170.348601783540
-369.686876980343
-105.314429786957
-99.8016423496010
228.629980083732
19.2435364923377
22.6482527867731
-489.476110986856
-282.987049710914
-409.676766924656
292.000811257321
-295.392424288895
78.1318628124042
-346.862500822417
-6.15098797441874
-237.520323186666
204.180774211702
0
0
0
0
0
0
0
0
0
0
0
0
0
0
0
0
0
-4132.35942387252
-41.3574659942129
-243.015064268436
-516.950276884199
-21.6673082316192
-103.582129240055
-316.822891822602
126.367713417607
-394.530592795249
-506.670638633243
-219.905855091684
-585.990504295415
-111.535317004573
5.04746864085183
-157.866515829748
-539.725401083870
22.3426609316532
460.951589544555
-463.670267703332
-160.852368470153
-324.647799334559
-141.174307914109
-380.477068480692
-91.4625105789176
-605.850816680414
346.524194538118
-146.819611917458
103.419982898583
-3.84164823520428
224.457502625775
-245.231319378746
-438.096878058673
-498.207559479111
-115.992242187772
-58.6971688940288
-373.830204484291
-332.300002968770
-127.537856268611
186.596083464412
-241.334259215416
-255.012807555499
-231.338312905230
-270.097326929547
-454.197291953052
-511.069882704403
-31.2926196088995
141.704805213925
33.5148656892567
37.8512777590126
-323.226904533229
-247.897640253959
-247.902403389890
-161.856555373383
479.266753580954
-128.060611722417
388.438480189354
-179.874539432393
389.677032080893
-10.5246475600694
-281.026397871194
-273.509736373654
-655.142944860103
-512.736472130406
-92.0462829777824
360.013944701154
-111.843481418006
-401.691289341732
48.7857239064937
-328.984243336480
-432.578342707515
102.328844892925
105.558362979909
108.533704675319
-304.309502121824
37.1578924467603
-78.5469079327677
-323.845764159400
29.7769355755364
-120.526091961013
0
0
0
0
0
0
0
0
0
0
0
0
0
0
0
0
0
0
-4328.24773971203
-96.6360088181652
-249.713771910383
18.4669681711853
-523.660104209863
15.8442174074170
-117.068542710706
-43.1654281851829
-663.137657065432
-54.4340803877165
-513.188856250128
-312.523955362356
-4.30345669658837
-306.165832944991
-103.349068082202
-59.9430853499189
-698.459530766074
-331.093918538575
74.2705495406818
-218.079733601630
-453.227354847303
-655.473767140767
258.299159232807
85.4152257687786
109.498977482176
-82.8326365213985
-714.632110194305
-482.499407138717
431.768252519080
-159.230564391822
-360.414336365028
-6.16309647102671
-144.264044307012
-321.525939245179
-64.0119179442448
-907.699244050659
-528.665171340775
-32.1679749134128
-688.242107290660
-345.905406304249
112.826687360984
-276.688803495582
-106.966007828854
-539.598656560012
242.140386747645
-377.251840276189
-148.001559080263
-442.433810467423
-946.000549541476
-447.948070188970
-244.228345375165
-172.270659014206
-436.822877925401
-97.2974745680083
-102.736655084230
-231.379185125060
285.321811743355
-538.292636129449
-371.127466668502
-231.887493351990
-252.935942607924
-280.426512554895
-98.0396341775891
261.575830841318
-474.507771510255
-174.332971123248
16.6431491088445
340.485694831668
-598.644541525691
469.987575036582
-40.4130801905033
128.037380008774
-219.234454913881
-324.088752479380
-542.040854425021
-627.832437143597
-222.475432432786
242.229314695765
0
0
0
0
0
0
0
0
0
0
0
0
0
0
0
0
0
0
0
-4222.84676387102
-587.308715519400
-584.491618041250
-337.554305382350
-209.088384494416
-377.819538394015
-252.016662323375
-29.6595859717648
-110.089804442905
-595.419654172281
-453.998924407274
153.799649252245
-523.171211662158
-159.599307701401
-334.605217305224
-239.683027181953
-153.030709928331
-145.809569200800
-325.282607679201
-435.284837359249
-30.0793125463149
-501.360810530449
-115.178651029561
71.7226692741284
-473.820404453401
-85.3335899742853
-563.645643888142
223.553886256662
-209.685628060667
-372.202670415419
-247.702189213396
-396.621638183686
32.6952923963693
-128.595563075712
-336.165366543564
-807.649009084019
-189.028036048543
-231.885240361908
-487.606565758706
-20.4209367655544
-205.333018275497
-371.652141556727
-552.892424815065
-588.755003469959
-566.838621156696
-409.179650197179
-457.556047332976
-381.977772347013
-95.7748264623435
-441.041382752879
-278.093447411068
-204.842728636799
-550.646386399162
-660.021155628100
-178.733456849538
-529.606373780629
-68.7446296896024
-349.992559044895
-423.919732720673
-300.663544043224
-686.689909994362
-468.674745376100
-336.467808496874
32.5489431771309
-495.566533638888
-59.7624227755805
-185.400385282564
-509.994784321078
-574.399051378237
-204.467381822514
-126.648970821505
-620.487977815957
95.6925560241791
-46.3416321835695
-646.322254416169
-395.607365954544
-237.369574057159
0
0
0
0
0
0
0
0
0
0
0
0
0
0
0
0
0
0
0
0
4348.84063427680
90.1055703962126
231.866114045363
520.433731791399
307.055885419408
323.269768098455
551.365038835476
257.935023924591
286.234962901239
92.2461716258207
237.754609547884
231.005086310770
777.829220709900
154.649916367631
838.759955010657
438.619414371511
244.532986943127
554.040689811801
613.669697237794
408.295100735731
396.487705558563
772.082916823532
37.2681164924382
160.870074638076
389.596967146652
179.463702789447
642.273758879363
597.779144230088
43.8318246945398
210.065995221692
519.756782097211
744.474338744066
670.906807018366
-5.26562935491955
388.867587464420
91.0625919600073
629.767867109247
482.121464463307
221.190621402455
36.3211126206426
72.6941045530633
595.114448737716
640.162065737327
640.530606150406
241.524031098903
683.726129685914
143.471081440852
222.852196112225
680.265267499211
-141.811683294536
518.196056169887
227.455496571012
147.784675984116
543.174966645898
505.771629135667
97.0034813194495
-0.750408976615653
441.490630414363
489.977077208369
14.5562746961960
17.0649911568623
695.848097802652
23.6411651731028
-144.637872972579
491.117020872957
731.109993672135
257.780436139087
494.790437530808
620.492502726372
393.784942155028
307.949178420523
498.387012724602
507.886584153312
574.648865480386
314.765511414735
204.908371310974
0
0
0
0
0
0
0
0
0
0
0
0
0
0
0
0
0
0
0
0
0
4131.17623962899
-276.865930242569
46.4699743734526
330.801785769172
-12.2256432892468
1015.97330035510
586.346018900397
253.397742823973
642.082977162619
-33.2073283460248
322.460975086253
909.988671548203
641.621875357368
24.4097127555858
683.884826507573
448.645689960952
-35.9050289303960
307.726763353532
148.869020522927
325.891933153067
453.912555753765
-167.759966946733
89.1243637923582
190.186825475126
15.5483089699744
316.042876040548
273.006144989864
503.241193069009
488.264073591551
509.283525664162
671.058605177223
436.427445194848
-157.894711437092
-108.657145373668
643.010179717166
581.686807599349
420.017499080147
427.230330953187
649.107411905271
372.124644205180
-341.068957867490
183.556866968684
-6.27685262109674
331.281054299293
-232.566718859870
127.414815579914
-90.0696116952420
364.981839707238
227.146188199402
158.475457213732
452.637483470392
158.069232506197
339.235527027772
213.235434927888
239.520367138058
385.325075232553
180.974531058243
237.809858796703
-215.284397603392
-117.751929264694
-137.137969557595
383.676870045347
116.892910924397
61.5495008237087
371.309021680591
-3.47412160790424
345.782101249035
-274.909984311580
260.294919116081
199.055690472457
377.477326106576
291.565866236864
615.254626264388
189.933394825213
2.27521245384938
0
0
0
0
0
0
0
0
0
0
0
0
0
0
0
0
0
0
0
0
0
0
-4259.50609900341
-544.476845728387
94.9442273558699
94.9836923375328
-346.632772068286
-665.845813189016
-906.881995806333
-457.152549404190
107.632696108058
-402.014290953997
-26.9026895539157
-184.469271076675
-794.847432479635
-383.186373985001
-265.800331897090
-448.165360938584
-498.586924436516
-295.126425052504
-740.883440656763
-79.7191727396480
-480.266604613934
-781.562621333775
-779.669059784438
-403.380176593626
-337.047553740911
-147.245866106773
-498.636570548537
-392.109173159434
-204.813881820845
-33.0165813654287
-576.503234222029
-56.5289278046320
-417.556052194842
-538.146232979733
-327.137862797122
113.777532346926
-546.278286284441
-492.563595605685
-152.459354025336
-282.325328323197
-284.682450531494
-190.016599010219
-406.989680918877
-298.646671566478
-282.584772199665
-208.518256942560
-10.1177173733188
-814.139476413603
-4.61253632156013
174.832637867603
-131.381792175326
-60.7280460056278
258.737790289433
-159.383813103187
-300.496992138883
-379.191121799244
-255.236519142411
-336.570644624784
-245.488066868615
-318.347422326986
-682.829386261995
-549.365957095896
-541.813828058383
212.476880907692
-248.908345683905
73.7786075544318
-356.373276308160
309.599620274490
-418.636543910467
61.0569878602907
-273.645125808530
-492.942672586784
-266.505338750670
-363.139934845394
0
0
0
0
0
0
0
0
0
0
0
0
0
0
0
0
0
0
0
0
0
0
0
-4017.63010990730
-324.064006976341
-133.480314205152
-373.454437865616
-73.6244748043559
-276.560134421214
-331.344512816825
112.901128925209
-308.229232114449
-20.8730298519168
-301.887805971614
98.1697351907091
-166.020619709724
-403.923784227613
468.267633754823
-547.365812808659
-169.357270508999
171.761303843036
131.270340689916
60.6260547178846
-69.4526838488273
-571.630842288700
-179.517306067157
-174.967543722567
272.024502041894
25.8397958193000
-164.696521423768
233.845864760270
162.743889959273
-745.941245662704
119.320373392504
124.051869502950
-292.535441210254
218.649426562589
415.917868970463
8.93247532067228
-137.800122800261
-642.980927310702
368.758546976689
-227.415504084129
-5.13273597192799
-330.898810588311
-34.8038338383200
165.452382781036
-82.7736762691316
-169.658866121345
-62.2461902710340
-54.8693637170114
-862.050280649859
257.862215706541
-182.306191303681
-222.231886472162
-21.6735323461554
6.88357710307326
127.815124222688
-55.4081814443085
120.149999217972
-441.916292606277
-218.752273703296
38.0685683022042
-104.765826979330
265.236529095336
192.916917048410
-128.324170601504
-130.903619705812
226.599028130953
-449.549965209390
-248.968600362968
-216.288096694766
-320.114340740826
-37.6557316203777
-413.638606437843
-52.7833274036381
0
0
0
0
0
0
0
0
0
0
0
0
0
0
0
0
0
0
0
0
0
0
0
0
-4351.68161847184
0.443902780589127
174.659955357665
-10.3437222844449
-221.120097151101
-576.339311433374
-694.310500156199
-278.273060356584
-121.966729261371
38.1285476116719
-702.752519845583
302.128723300833
-541.976883174768
-401.895069631031
-83.3666470534388
17.6855922323434
209.047406809064
689.252210166311
-163.116594735679
-480.062980072074
453.340371103874
-264.327526241157
-24.0580710534651
-475.805289753174
-196.144274125371
-285.878616597898
25.7090289908195
-441.846502529141
-249.915519732279
56.0919167843030
-132.431582083620
142.293065531807
321.239235943951
-386.074563519804
264.678535760816
-573.692514892864
-452.757890843720
-300.036715200731
-547.204367760742
-603.963335217901
-330.732596104726
-316.685104802386
-144.738210642231
39.1216915696143
-867.216086110686
-19.1894164689056
-520.453464380619
-145.445804592444
-770.292467446501
-261.330285729959
-290.638589219471
-245.492211641897
-263.331040814522
-126.615996689872
-439.558338357887
-227.973737798307
-136.677863833554
-616.451289647471
-189.263946722021
-365.233213241983
47.4035487671569
-248.102368002484
222.587247048850
-269.407965334497
-227.107350390627
-896.408323221270
-154.432547485232
-696.646068949546
-551.658814245152
-472.354220379851
-58.8488585777737
-259.889299441609
0
0
0
0
0
0
0
0
0
0
0
0
0
0
0
0
0
0
0
0
0
0
0
0
0
-4117.83222167437
119.163131705938
-776.986791662587
39.6741739092214
-87.4083479426959
150.414083946820
-383.153613336139
277.906541973037
-326.138384877446
-91.4675001050712
-37.4619116602277
-324.002125150724
-425.528817301902
242.256665407699
-444.465190066782
-183.441159280320
-111.518805844971
-183.071506020245
-171.956777463519
11.1235518752443
78.3886284718597
-454.713703556679
66.7258792771345
-362.396040078908
-329.706759536631
-126.699037101997
-488.490445045274
8.72113954421712
214.915988720735
-34.9936436278167
89.0675691287514
-317.193165715617
-243.327383769334
471.675933305389
-61.7039426637942
27.1580503021106
-106.158724820478
49.3177689017874
234.937407371669
124.957543188546
93.7525897691467
-345.134094302349
392.517235307987
-70.5287337974704
-247.710558303491
214.378581802641
127.003741307744
-237.944035947870
-140.450712314175
188.399341385285
-338.658379885968
-9.59491710081835
-344.531324779106
1.75011145874616
-155.295227678171
161.919907869941
-9.63752517797138
-514.871292756845
239.305207299368
107.258929428167
412.664477154650
-414.844489871550
259.661509770297
-84.9033785666341
-114.948887389354
-344.567957485786
-150.619765866518
-22.0435533289901
275.794049990659
419.131027563804
-263.871801343327
0
0
0
0
0
0
0
0
0
0
0
0
0
0
0
0
0
0
0
0
0
0
0
0
0
0
4170.27832655020
640.523854365538
319.491597836319
400.406393310686
-110.615060196552
-17.9621707026967
53.8202532716180
214.170853282112
70.9794573739304
482.861688016893
-5.59294623836723
334.802150130104
-397.737194235470
-219.827909367531
376.322818074611
166.912666988995
-2.57234753671489
427.063307391038
477.578351165818
588.426811252399
201.035133693142
205.749033237717
48.5581087756877
-467.150990339568
872.257585443454
-167.770459430961
228.028817400624
-1.34404991055951
155.873033768968
634.511155033038
94.4506679971201
57.9342954945980
550.038716313425
558.919411089835
166.088563635789
-259.191813814007
-86.7259020658495
623.261846137007
653.712690931234
149.081826873062
-211.970898928296
46.7333250163608
277.456976696573
-411.472468821103
582.853360924333
667.138712920374
-323.864974802317
-135.064966849268
256.898895242995
517.074498977360
207.273741086052
512.170960887187
16.3049838275537
601.406840096182
258.026413720060
240.843454422817
231.691056748551
363.701913445777
284.837307497033
253.944164055432
566.864846980299
397.517971310911
82.8962222344523
559.458846596107
-153.361192907270
584.367529133456
-36.8115602813848
525.955246647241
718.321013167696
138.026519828787
0
0
0
0
0
0
0
0
0
0
0
0
0
0
0
0
0
0
0
0
0
0
0
0
0
0
0
-4159.02418816878
-100.690949599465
-4.11439141637396
-347.307056707485
-473.871347158005
-154.732486771206
-650.299630014327
-5.29102123785100
147.337244061496
-218.540777658765
-456.271069958955
-61.5764726159183
-247.527164847390
-52.3319073736471
-223.665486218643
175.993171313477
-610.543221581823
-246.999173055284
-185.020858434629
-547.762750339311
-26.0978434186799
223.992956947993
-307.873316353039
-658.404358136592
21.5165086074161
-558.899926915668
-303.374479981186
205.783153093632
-295.949045459106
-113.384291946326
-264.909584975377
-566.293790733967
-82.2865559348160
-303.467800027025
-299.402774344426
-304.103621472819
324.468470000107
-181.966442782692
-385.383927764443
-126.035077611775
-499.028613754942
-492.553057599530
-437.643465738975
-395.309794999287
-51.6234705201273
-500.279328121199
-290.519389457994
-507.100006129780
-170.299202635710
-249.420718560158
-566.311017490870
-358.985380120279
-158.456240586082
-286.641068927754
-571.620394607374
224.945993711833
-11.3777852609884
-36.0423122317160
-30.4861918221379
-420.846591800964
-286.420137016625
248.983823800762
-291.061394969191
138.894630465886
-711.742812923437
-863.494246987368
-563.748688497704
136.315466749649
-264.936214392269
0
0
0
0
0
0
0
0
0
0
0
0
0
0
0
0
0
0
0
0
0
0
0
0
0
0
0
0
3967.54375339445
642.232560796353
671.745167690305
186.306947338929
-257.744522022388
-67.2791340492686
172.454152917690
745.302350930241
518.922426169635
382.392375380593
470.244609606958
13.3353306365771
-102.907928654966
437.233469881805
685.168532678978
-250.766054194732
596.162108705105
210.663420483542
107.803753695427
-259.833798760085
577.622325577396
140.602368511488
231.868689099313
-352.926634075729
38.9985204337507
340.240806192724
-143.612360645497
784.892320306485
159.587741904944
519.324370417503
-365.250053281219
-133.572054835346
-25.3832309658475
500.660156732809
-615.879523394106
232.235673897721
-205.341264880835
191.523570947439
508.570319060790
-24.6284860050876
414.732102429615
466.223015617784
-184.555714572490
-30.6038834399645
160.991878579979
-17.3547994226886
-335.713178844337
39.8027282509463
553.196117469468
-225.290210351969
607.220843130093
30.9090806235757
-21.2626342066382
375.831711510167
41.8989115489655
393.220264231978
228.183258124375
-252.491183786199
12.0810648047393
137.012078851381
462.124779498391
316.544728116654
-43.1482189416961
-69.0879360024356
-199.296844381010
229.889160960009
427.095594059372
-157.226235629078
0
0
0
0
0
0
0
0
0
0
0
0
0
0
0
0
0
0
0
0
0
0
0
0
0
0
0
0
0
-4101.51455723543
549.345678080177
-296.723370143580
-157.202751310740
-374.043537369783
-144.839202470246
-491.591695879253
-301.955156161493
-278.939120961901
-286.989254977472
-197.550735274531
40.7888404499788
-12.3181746701590
-133.574604824098
-197.307237206978
-12.3312272210293
-173.233031009289
-118.308430902620
-316.103496133618
-453.278327058687
-623.465371149311
-167.934757413293
-441.056033925282
-285.802370259869
-186.925681566977
-304.705217649274
0.894329249507166
-337.798855771503
-331.958558727900
-258.826100551808
-6.55343862678879
-173.414374637834
-35.6334888313415
-433.524394232684
-73.1117385306249
38.1999640868678
-29.0693326217941
266.814717221140
82.1856488801721
-15.6134454290307
-105.879566654482
-560.381853364738
162.747439922069
54.3820368114398
-166.175961073075
-145.220389201353
-113.097778967118
188.505347339303
-77.0566767327796
-313.462118284685
57.6104318765715
-342.700047851181
279.538582970364
-608.298571107507
-398.417453240155
-325.289732137160
-97.1642406263936
230.256800497815
113.298193361983
111.440105178461
-39.1945966566043
-62.3547767280444
-62.0886092327992
-487.741523165161
-149.987524790501
-241.295250524050
-731.621931860227
0
0
0
0
0
0
0
0
0
0
0
0
0
0
0
0
0
0
0
0
0
0
0
0
0
0
0
0
0
0
4049.28484094520
-88.6024891294792
-54.0596720045180
186.637653529880
344.541429850504
-197.402100439505
307.123934204851
-63.3872047216871
-129.578165825636
-449.140859705690
86.6931544662887
37.8730036612686
195.374082979446
-254.989885140585
4.90769538275896
137.401663704840
309.088997506856
277.883084209317
557.992610075979
-371.310086936286
175.952122187220
287.174254538127
-36.9410541547805
-98.5028143337093
91.2399799196656
375.983862596583
-109.893693811042
233.353596036309
-9.38041085911542
616.233836604173
-68.6204028455635
-47.1491058166483
-117.030702158848
-193.171072673306
241.156853798612
585.568518907846
-4.00719508474435
114.782370865247
283.192072053378
492.285318871512
700.209846251882
473.974236840290
73.5025163521052
-0.149145492874069
-258.971147517504
201.077042804642
-41.5649731965337
-508.609504376914
-81.0859423436042
198.819833007209
385.545422110215
52.0581116966787
57.8858967929048
441.613053662834
12.2679049356581
324.099220226305
315.141062146994
683.346445109616
-171.119599091218
-186.492329943827
570.010972071388
320.008386041025
256.280702111048
175.737381832107
-137.129553878305
935.918460376044
0
0
0
0
0
0
0
0
0
0
0
0
0
0
0
0
0
0
0
0
0
0
0
0
0
0
0
0
0
0
0
4082.63678074708
-312.772270650695
632.007121323481
360.724377598123
-137.251485272402
68.5364880115928
36.7020460062726
481.613085513095
-483.407422165497
-440.535010200102
58.9679556167352
209.144071385076
12.8746165529553
41.6306137312846
19.2984945882140
85.6079359914026
-592.601855586635
-188.706274519974
244.303793006157
-181.560137085975
-2.14340326042975
-378.503110866185
589.434982338593
124.702795237932
-143.636499601436
-1.35803909396188
-523.987437811771
369.331405543231
-93.2209372843686
246.249509226021
27.5478442359135
219.879520828559
342.137939020591
341.464875896279
343.514942987889
-272.848059997910
238.394737819401
-364.409536686049
610.889063773741
487.608417692637
312.127150507256
-52.2939355098108
313.863803780691
101.964609715653
45.7939847399456
449.757419184118
212.234495231225
-175.814653219025
63.1263515802224
339.139783002755
532.308399184508
606.070253241358
-68.8282258931607
282.494624662885
723.600038652314
-128.607713320934
-79.2260300289993
191.567493099884
261.596926217393
95.4961263512515
391.969804155168
332.450175397838
-52.6428087393406
-77.7229707163385
-108.945095171050
0
0
0
0
0
0
0
0
0
0
0
0
0
0
0
0
0
0
0
0
0
0
0
0
0
0
0
0
0
0
0
0
3891.76092117983
-276.781495166686
224.990785605963
-177.331505557998
578.258980675937
247.237394996100
276.464947233790
84.0456847048069
398.215765148954
-43.2758254655967
-25.5391230762745
470.405009128065
-250.663834118412
185.978766425488
48.4085171373246
-43.7855876560789
333.594412122879
-64.9143370795993
214.835575646273
-0.955222220976452
168.965587185509
-149.223697820594
391.403524239883
72.3233657930457
-282.939007206340
219.737955446504
-448.742044275693
257.309953989034
-407.708034030930
-83.1350210977352
514.575888991060
293.543203080741
126.316519656540
68.8460296412955
38.7072790802439
26.0273579550557
-75.7315959537160
366.179324428327
-25.4934564091183
-44.3849936643838
296.203815913613
565.787269229728
-212.725045776258
259.959766838189
-143.890627816092
-6.19666968950466
214.837017984709
-600.444860352109
234.157517732424
-683.383467612389
273.791380226068
-10.6587628701158
148.895039059978
-661.699770485756
194.250793568716
-417.208020297105
256.976826026579
273.814036690351
-346.918896377720
29.0564107141030
22.8472471834089
42.9669670770463
-183.382620570294
220.768938166398
0
0
0
0
0
0
0
0
0
0
0
0
0
0
0
0
0
0
0
0
0
0
0
0
0
0
0
0
0
0
0
0
0
-3909.56104694564
265.888801157339
-203.876963122203
-37.9031291176783
-183.590324067844
324.611680607316
169.718239287349
-298.323251134453
274.496066361443
-113.556171278151
128.995897624715
-230.873846916810
-297.279329345132
-154.227416463482
-316.958373038196
139.492919456544
326.391774982070
212.191838915425
160.410100381188
543.042568844209
513.344734874257
84.3288523385004
263.284424635761
-540.292673282239
-79.7969180209258
-400.514949226016
168.278726997469
83.7140886414372
475.924434190845
-258.755374504015
-144.505267019660
-67.1239447792543
-10.7979304828910
368.875927256610
-125.409142521934
-63.3840332298047
-638.058333856794
-115.144825108108
198.689838260004
75.4050086407064
-388.653307359854
148.899336322007
-376.902953549420
148.202327286769
-615.326938183841
4.67101918367331
17.2398359760057
-75.4931835321945
-497.609079420309
-36.1616280707090
17.3675086978275
-246.662331841321
728.589938556999
-489.970996667152
-160.942985506192
-533.955086653238
-230.283258942643
-149.458805649031
80.8980359574684
-214.160747270313
-374.954657332384
-211.606811052273
243.477003036552
0
0
0
0
0
0
0
0
0
0
0
0
0
0
0
0
0
0
0
0
0
0
0
0
0
0
0
0
0
0
0
0
0
0
-3719.07144493890
-102.369819265356
2.64547959442847
-123.286876483648
-213.110830228601
-74.4124942962486
5.35720649241907
488.831945874796
-211.136427519582
-781.480259854857
219.049855333255
469.913178945061
575.658189513823
-547.396624986706
-17.6808117434638
-292.630644293626
-545.138934416777
-145.952589859720
-559.557218536451
-153.353133548231
-135.573582476283
-30.7145312963304
-415.868616532985
270.477378467606
-278.530205344753
-230.891816428047
23.3948232252918
-86.1192407360034
31.2923313021124
174.577021714825
273.206596824918
-306.019216187062
229.684416662143
292.817356356748
312.282576285471
-273.693107172915
-19.9570482633803
78.8660344349665
-166.128245072432
-302.262077254024
-274.200854097036
-258.456443508905
-243.716084991577
55.0273170866833
-440.756624708652
-52.4039110862869
271.573904931203
91.5393844115037
6.79662916330281
102.445157598265
-391.417027310464
-10.5923121041783
251.897963114831
-171.577996875789
-61.8486737242590
-225.471991482604
47.5284756242905
300.864955337148
-113.880533705221
-34.1900587430538
73.5680966810297
-28.8930386307126
0
0
0
0
0
0
0
0
0
0
0
0
0
0
0
0
0
0
0
0
0
0
0
0
0
0
0
0
0
0
0
0
0
0
0
-3734.25784570662
-141.725641894299
-206.358784273418
119.305762378665
-352.924268561860
101.852533106184
440.510336915305
344.846987927525
-240.886396100195
-80.5424578235481
-5.77250203006528
141.949482684771
-50.4944432235133
-214.422637808408
35.2734943838774
-180.874891474675
-317.854314906241
-128.453048551783
281.451165094203
164.151645640122
400.424061750720
192.676592753380
-296.312040887679
-190.553685969063
378.565682077831
118.531792989572
73.2162330883647
-470.212401403046
110.720550897006
-285.758642746081
104.849099275427
61.2774331325251
-367.231689878274
-102.963282575262
-330.137232509151
-656.562585919883
-316.301764522424
-147.698323242664
-272.341667848509
34.7838102091731
-180.840896247281
21.9991822126562
-134.283242634881
29.7902302680841
-21.7481223373889
324.483183347652
-222.585674221643
-245.921417275823
-641.175389765917
-3.85028283966997
71.0184696984383
-149.322407287667
-62.1178428394630
10.6382822230481
-23.0898802997659
177.952354437792
-96.3885891798009
-512.163450232256
343.372196891339
-376.045345978129
487.580863947688
0
0
0
0
0
0
0
0
0
0
0
0
0
0
0
0
0
0
0
0
0
0
0
0
0
0
0
0
0
0
0
0
0
0
0
0
3937.10490440738
-54.9006204442146
568.355304833434
16.7387396125323
105.605404397487
-123.700475762568
320.557462815608
306.262399178255
548.880581821182
-522.903098097377
-181.472323333752
-15.0071347041107
310.769068350040
-537.427641778068
65.9678398726924
326.289312953979
311.453193705852
60.5009893887101
373.131536301169
215.667810665992
750.928488427325
-337.501799678553
127.610033894511
-157.897279134926
35.3347458219411
-168.471737567595
-271.095147589808
10.4046321555953
266.954203568088
159.309303665391
410.578852614344
265.977373968762
279.631072139839
113.777715511724
-44.0945199080674
215.879572732676
337.597454523658
-395.216177966718
481.173623797904
402.492252470172
-30.8268702711845
132.630450111625
-532.895279945988
-399.452198381441
325.380370619188
185.460540550614
352.256690651931
122.315209360323
-277.666886149121
74.0190792221937
-223.022545442491
97.9438572276187
382.584844873055
-326.107307165254
-102.893299119819
29.1793085584428
382.375781946020
135.800105098559
229.645186065255
291.718404266797
0
0
0
0
0
0
0
0
0
0
0
0
0
0
0
0
0
0
0
0
0
0
0
0
0
0
0
0
0
0
0
0
0
0
0
0
0
3889.75609054887
486.538444556746
277.556502134078
221.575990196404
257.442061654050
-136.906072484404
83.3526404418684
-25.0507921802898
-626.432677903062
-526.608982304835
-93.4169175805711
596.802763643867
29.3169417618946
-36.8845210982649
-209.323105868205
814.323817979063
-163.786084110335
48.6059915148491
-210.706192757777
-388.225456325856
125.968378783264
236.170108932172
-59.3464090790527
66.7371743465587
-78.7658200896632
-467.864738980732
-625.091915463054
-249.486711725363
284.774538168184
14.8571977467515
117.160562842294
424.162204345754
-282.932652520489
-78.1270652165955
219.460458275643
-115.519726427463
435.595620640535
-242.009396047767
257.893661791471
-2.12934181999222
-195.548189651528
169.741426557853
-376.099843839931
-337.994671954807
-540.639321150613
-76.9507781311989
-17.3404693729687
166.141899136674
213.700004173370
-283.678647103725
276.401193090339
78.4503140645914
85.5736428978127
-180.126373449730
-124.430451279966
318.655014150223
183.720308382785
59.2911878936119
-133.096464613201
0
0
0
0
0
0
0
0
0
0
0
0
0
0
0
0
0
0
0
0
0
0
0
0
0
0
0
0
0
0
0
0
0
0
0
0
0
0
3890.59007437143
185.171776422574
103.412255103090
585.493066092478
-234.144771226006
-180.006969673751
359.539547607015
-465.469082808857
374.705056338801
51.9822311716202
-63.0730463133518
237.322551703257
342.438098811616
-26.1317795906140
539.945395948669
147.998568812846
-321.885707891387
-283.269400182453
71.0145308567764
228.792722697087
440.126005190857
128.920918134285
-3.92057176792940
-135.645984136461
274.595249400112
860.077299941905
-33.8709192492593
-14.9509017844930
366.251213197332
204.188105206854
16.6396026401273
153.433506606395
-161.453062165039
163.746620746871
298.969652494498
296.304934434956
554.999626613088
256.971000570821
131.913818769446
296.195939933038
-275.446831291155
191.788843293181
119.924419147791
24.7348728941132
37.8489195088586
-205.757094708097
184.041688034723
-117.235469385692
-346.514033713474
321.661480655039
207.082143223213
262.259175834183
-366.244431473273
272.940056397337
307.298951238942
45.7728497797071
211.381298374106
843.210826176977
0
0
0
0
0
0
0
0
0
0
0
0
0
0
0
0
0
0
0
0
0
0
0
0
0
0
0
0
0
0
0
0
0
0
0
0
0
0
0
3760.09689164269
-592.132489969188
-4.88430725165443
-11.7019832192302
370.066337404137
41.9830699888614
111.351262361809
220.512881124634
-11.0945408884705
115.299809906909
-319.559652745357
445.069662404418
450.404414848811
91.7682319797534
-320.067396510837
324.856413458325
127.078911201053
-90.8225434362598
-347.954106871119
-32.5724030024141
388.876845869779
185.089467398881
330.720610988984
142.379143573590
359.654355803349
-58.5126980243817
-91.7194103094132
52.6379063870478
274.285779984068
53.9770679189955
167.141938918588
259.658250166624
219.729968472371
132.244577797971
121.468891638925
398.521416757534
353.595743656702
-413.408653617571
-71.4059336547914
-138.828831285270
835.771583534924
13.5116337256750
87.3747983642749
-46.0221529228326
-535.697976819750
-73.9916818893625
646.998355023573
194.757738131551
-76.0610374457927
318.652444605064
90.0058467355292
-81.7211659784060
-40.5869453921809
152.729275976263
395.014277573522
103.256015612647
59.7310292137716
0
0
0
0
0
0
0
0
0
0
0
0
0
0
0
0
0
0
0
0
0
0
0
0
0
0
0
0
0
0
0
0
0
0
0
0
0
0
0
0
3755.50777347430
-61.5917097641267
58.0224940892491
278.525774418327
28.4851796005717
-12.6536636503319
208.131584590668
-15.9665564692487
2.54142129002122
556.519403532368
-10.9159849605106
440.506618753236
125.084751066519
478.052039937195
-211.538014154489
347.394720360952
-274.041874110447
204.764640566312
325.374036063490
312.137580732662
248.623899266814
-148.660033147380
-34.9041846603470
24.1446305470159
313.463599847444
243.369120558627
-452.117181808294
4.33102349883183
-31.0888617345482
-160.839559054606
-288.463085654441
85.9735293392315
589.265989729341
-285.933603822684
410.723520039244
-26.8606383843287
15.1513958488324
-186.624505835468
-232.833672648928
411.636713243960
3.11338586682365
-33.5361254642849
-72.3463080364774
240.772352491544
231.539704687551
169.298843948901
-409.456805906872
110.798033051931
251.532448911948
552.274990928105
237.844993335203
459.781842533812
-82.3636534307358
-102.324917722789
-155.892484843600
11.7737859892503
0
0
0
0
0
0
0
0
0
0
0
0
0
0
0
0
0
0
0
0
0
0
0
0
0
0
0
0
0
0
0
0
0
0
0
0
0
0
0
0
0
3845.07887874782
451.261208595703
206.049959317061
-90.1494882904021
-277.818578326993
440.733570836487
-553.583940884789
-27.2200943781983
-12.1450967439937
227.001739790390
176.715546529307
-200.817241316021
-491.120181644633
62.3524729666560
351.386938377433
692.394795623232
511.827833033709
288.901370715052
434.120431489919
253.602831957438
-176.987823939033
-26.0346178541046
520.728874156155
-43.9176656051067
-24.4077256009753
-347.970285005134
352.803694453414
-259.662343141881
-59.7797011824612
853.121764717786
429.970032840629
-34.4281133703969
-35.7841052968984
234.080581160755
178.995039739339
270.212603874736
227.420423640364
57.8251562137016
-575.039934599958
79.0230382278949
380.681441656649
332.495900378600
69.8132766894555
-13.1470243573718
6.73583137186662
364.252403347268
837.076200806280
285.875377269915
-61.3271447247969
439.395009729061
-533.271173763083
-5.70983441795204
483.764824338536
199.087740095193
336.747413819347
0
0
0
0
0
0
0
0
0
0
0
0
0
0
0
0
0
0
0
0
0
0
0
0
0
0
0
0
0
0
0
0
0
0
0
0
0
0
0
0
0
0
3907.80540450572
-9.36209413439022
-100.554007963478
388.578845220341
-95.0006932184766
120.271564224667
516.849486284275
-139.968295189282
588.437903536161
-25.6569749513596
220.936737646986
268.233586028960
34.0313359256652
171.363316723734
248.479495857964
-98.4746158994249
658.724406026830
129.006914496375
114.864681473130
283.192944979488
55.3442536486638
-349.013260866553
153.659077163655
160.755429249708
-264.527473373837
-8.99503448513542
-27.1482426234559
-500.287655205656
32.8849350333926
-36.8901789666140
295.962647588648
294.888961568760
219.473431209886
-135.915543098084
47.6441732326990
371.898490325397
-232.954638316632
-148.460616889386
-95.5496836790970
-681.910525328303
330.007906920295
-233.654538501189
446.506393858922
-480.203890068949
138.500409772070
42.9428931745274
-235.452530818884
97.6268698001084
218.147233758079
155.753319197500
-63.9226401659175
93.2825610442552
267.700155926262
263.703793728219
0
0
0
0
0
0
0
0
0
0
0
0
0
0
0
0
0
0
0
0
0
0
0
0
0
0
0
0
0
0
0
0
0
0
0
0
0
0
0
0
0
0
0
-3726.97860410126
-284.126177704432
-272.153319118575
-368.736322302489
64.3703389585422
-178.197265731071
84.8380793495121
-439.478493595858
212.108150071994
-605.189757295266
-342.056167657578
98.3987638716647
-160.691342209873
-452.974954384698
-8.75328924121820
273.869816019519
-220.524315707257
-320.725366949084
-155.349437164435
-144.269979822641
213.838695094392
-47.5149608369288
-48.0747974198426
7.13570310700220
64.8269966871385
162.033018395597
-183.395713422585
-317.021427413526
225.168100279092
-117.729970715356
-95.7808304358085
-161.056118529208
-233.198667112816
-757.636760345503
-520.272313699424
-268.039594249491
-289.704641583002
97.0434819829577
-60.9122426958605
-131.668094952579
-93.3459341096382
-550.148729041188
180.904346371579
-104.621925030787
143.295596377756
-84.8935867576362
79.1263618319366
-514.284825947043
-348.942248210295
-334.169259556109
66.4467116307152
-925.265927900996
-116.386463815506
0
0
0
0
0
0
0
0
0
0
0
0
0
0
0
0
0
0
0
0
0
0
0
0
0
0
0
0
0
0
0
0
0
0
0
0
0
0
0
0
0
0
0
0
3939.14005538100
-131.245073596241
141.631709049340
630.336897118583
369.991995701874
-98.7314366584453
60.7443654347591
20.1703480815653
-125.250494269911
-166.010243188187
-733.648376680336
-107.036039004949
-215.286411127340
185.266127649124
211.224467912373
-21.7510120789937
171.259904633411
-97.7987011885791
287.792842183653
-39.4072548433354
-17.2235567928752
753.551119921169
180.634860836658
-427.721993079228
-362.632797599768
-170.973847543111
-21.3338755767908
56.7432121772754
73.6395612325524
-123.830443224803
122.247661079297
105.211121238264
110.523418455413
31.3565854587125
-105.966162431121
311.427800952826
-71.6068627219026
78.4831387992130
-160.280069913496
-41.4553264386115
486.208406939451
-187.052527730480
-86.9525125725110
12.6491790494708
561.667449260428
-131.416270124788
492.396709796898
147.696334426924
436.570159878430
171.759792948328
-138.535092590330
313.793367007962
0
0
0
0
0
0
0
0
0
0
0
0
0
0
0
0
0
0
0
0
0
0
0
0
0
0
0
0
0
0
0
0
0
0
0
0
0
0
0
0
0
0
0
0
0
4013.75734410091
48.4877979638898
208.622008847653
-45.5860271833153
-181.089207972528
505.157862538856
-79.8148564012320
-410.734028472299
160.769277079123
366.801295381104
589.655482974017
119.126859301313
390.744025624041
46.2419099775495
222.613121493211
-72.9466341349062
-161.745649472169
46.7397250811216
277.026477131126
239.496505254366
-58.8968935485804
150.262962137065
-22.7410191379921
317.175121478093
317.615144977863
281.159533182242
-494.883117113529
109.857718626196
-164.634640768006
-226.904412261307
184.663239766396
-239.171572397036
294.974803882200
244.160293259983
593.350373484009
252.311325449008
55.1359655089337
-193.356824100655
434.342829897347
-282.749685718476
-456.478223541838
-214.942026825516
-31.8133056550301
16.3063158742039
580.303965285697
-292.468910456533
196.133264295009
-413.269783108755
-45.2164338526859
-287.151445216746
121.806442799549
0
0
0
0
0
0
0
0
0
0
0
0
0
0
0
0
0
0
0
0
0
0
0
0
0
0
0
0
0
0
0
0
0
0
0
0
0
0
0
0
0
0
0
0
0
0
3861.43568743848
415.357998258968
-160.808120159419
560.531866289758
-165.714067234515
-150.543937712293
40.5280214045295
496.902763740195
223.450132121775
232.025688263485
551.943556728829
-30.0121006884447
497.682689661357
369.558251802930
244.922342164330
105.093354235499
304.287372971186
-28.7217395189439
60.2805616694983
-141.799097031018
22.4375758847685
108.274631252901
-118.014764522199
220.207435924878
-234.594671918977
468.014584911252
17.9150844150052
15.5358545294827
208.750583003431
330.208774132958
377.100164045513
266.525874502670
18.5394715109630
48.6873554044926
307.398088048675
520.749762093160
115.439725562075
435.684448999779
140.908428924049
-537.023642485379
239.158523793202
461.294880527197
125.342048886063
205.060194644537
-216.661664857865
38.2519043472281
175.063257538083
-58.4441358338462
33.2880303478601
153.105665340882
0
0
0
0
0
0
0
0
0
0
0
0
0
0
0
0
0
0
0
0
0
0
0
0
0
0
0
0
0
0
0
0
0
0
0
0
0
0
0
0
0
0
0
0
0
0
0
3819.67556207708
-145.800075635526
-170.496094198016
-575.990961475575
-85.2440137260669
-237.737711199059
430.113895497879
245.812135518848
235.563829992970
-1.60668215154701
495.598095055073
470.532650432843
-181.461344806399
-201.382396374725
195.843157437658
405.841305477350
236.229466948984
-10.6321894241868
624.392284774553
-210.666548302015
-90.8941390311650
-114.961721296277
92.7203581973816
-47.8176700860006
477.758639173546
87.4627589025224
159.886009567613
-11.2766449636558
40.7226864126071
258.270995616447
315.635630278861
6.50799576649058
376.255637273734
260.795802074764
-233.645590172444
69.5797865521808
447.265472178204
391.865511807905
-55.7348865894610
21.9870621833601
-411.467795888297
8.62777353642196
103.300711816796
-7.55073490490645
484.167247567787
160.046415608399
263.801578769501
220.733460961754
114.022590938647
0
0
0
0
0
0
0
0
0
0
0
0
0
0
0
0
0
0
0
0
0
0
0
0
0
0
0
0
0
0
0
0
0
0
0
0
0
0
0
0
0
0
0
0
0
0
0
0
-3859.75451247164
-222.391250929060
-49.8464762542277
-513.814140630420
-366.502518510333
-213.703736407663
145.174253416957
116.565314730944
-394.253439252690
83.7570010248874
-31.0031191903878
-138.531117501311
71.0052183359590
565.736082950928
390.352464533173
-285.046715440779
-645.376317804456
153.465693339342
-233.297291807745
126.679621847670
-166.819136838009
-488.215632134223
-161.319968691208
-526.260171200771
13.3128792305611
-39.6791112989932
162.072552989156
-222.719096291049
43.0308870983118
-475.297906837486
-307.174754296343
-672.047000781448
-336.371574275209
-361.699233119194
7.96234416380781
-45.0815669270179
-260.076488684096
-87.2415664037841
-257.866958674752
-257.385743396273
546.278190696127
347.101137895369
-500.754583561530
17.9825533560967
149.530547814213
83.5142465601206
-457.539495320316
-120.530085254513
0
0
0
0
0
0
0
0
0
0
0
0
0
0
0
0
0
0
0
0
0
0
0
0
0
0
0
0
0
0
0
0
0
0
0
0
0
0
0
0
0
0
0
0
0
0
0
0
0
3757.03570676067
-228.783697148569
363.981949183936
404.446658709286
456.638319097160
-150.589411977868
-92.1834215958551
46.5871757286132
-378.855965124520
291.215988878783
1.97330552535679
-246.093881043567
344.630054242198
133.776101344767
213.887712966096
-229.306690868614
-218.944764552323
-309.400037378319
141.530251257835
-122.862555253497
-129.116419277802
-292.050048272890
690.786480978846
147.582481787447
935.468271186858
-391.857169252707
-93.5512423865193
215.017038771510
-24.6850806506442
64.1436011552277
-31.7305158625015
-223.418753588468
59.0286565627356
-50.4485680466091
313.204275774884
35.1865179729655
-179.427929047342
116.756648630388
-63.2807277723900
448.446744195641
250.445120527178
91.1965714473171
130.071513280532
247.710848256539
191.077966775932
-472.872782751684
-30.8583165402352
0
0
0
0
0
0
0
0
0
0
0
0
0
0
0
0
0
0
0
0
0
0
0
0
0
0
0
0
0
0
0
0
0
0
0
0
0
0
0
0
0
0
0
0
0
0
0
0
0
0
3801.52364505160
10.6416412637893
267.761158558196
70.1511140217278
171.585777471861
-260.390151114674
511.157120107772
443.356352565619
268.293880410944
78.4342300060033
-310.889276775173
396.794339047280
146.780726648435
274.210403153331
409.520571194845
4.49797781006436
27.5835069248207
-31.8128245802822
0.433837874076971
359.100464444487
132.573529454311
141.647740974779
-423.923664221825
-31.1714618726313
430.664286771088
-351.998482203568
620.877064169218
664.536032059104
824.390833104424
-49.5559822231174
-86.7035691675732
222.850936597578
284.284047940701
-283.358077448374
290.108653567161
63.4730691732407
-299.920203256368
323.918218711041
-100.642861378623
77.7057797287359
258.536882294706
329.038279747204
-92.8335263927756
-214.517761871473
9.45654691339848
-94.0474850108276
0
0
0
0
0
0
0
0
0
0
0
0
0
0
0
0
0
0
0
0
0
0
0
0
0
0
0
0
0
0
0
0
0
0
0
0
0
0
0
0
0
0
0
0
0
0
0
0
0
0
0
3686.53428776212
-268.965322224726
81.6863455007513
42.3785704730826
-580.686184236636
93.1625878785603
249.852938756878
85.1891743601198
-79.5827798101698
91.0412007478398
-45.1893491398225
324.690947052465
-369.863915374135
-52.9581240936128
737.368161784922
388.346613179089
-848.667072059838
-373.930030150192
-0.520616818260436
-207.734729877419
-218.851498410910
-79.2053130991615
231.346151570482
-684.302480951634
158.701856414139
-422.749770627850
-137.143786428365
25.5791229039550
-93.9996451186730
723.787791200407
-285.799033379102
-142.672846441803
86.8731358603346
335.835002739532
-371.213891708848
59.7571398829535
-362.822875643421
337.627700341610
-82.9016951960117
11.4999406744427
-64.4841950926021
29.1667970603629
93.1484274600559
-49.6974675586848
604.481457841713
0
0
0
0
0
0
0
0
0
0
0
0
0
0
0
0
0
0
0
0
0
0
0
0
0
0
0
0
0
0
0
0
0
0
0
0
0
0
0
0
0
0
0
0
0
0
0
0
0
0
0
0
3577.43990889732
512.165772955075
-347.210954945088
-350.537079620296
98.8100058521443
-43.4645848431397
566.521687564964
-8.14210807517775
-242.025092791273
-276.091633635613
-140.169044624532
-32.9117519183036
106.314912230770
-274.528800067654
-370.595565891262
723.845792623439
-398.254708083673
156.503779975732
499.264490070771
281.100442814015
346.145812351861
28.8152462820913
-366.517020857543
115.666933393935
10.8361458285819
607.284889940630
6.67276014202301
99.4006312057697
-203.743332283276
472.535139144254
372.256224677201
223.676835280533
47.3874562510802
553.756454531076
42.1131974905815
200.323037344574
-67.3548006487876
781.669152236390
435.411463341015
-174.121040934390
-76.2780163928534
-450.783438138230
-154.456690383007
244.259263699117
0
0
0
0
0
0
0
0
0
0
0
0
0
0
0
0
0
0
0
0
0
0
0
0
0
0
0
0
0
0
0
0
0
0
0
0
0
0
0
0
0
0
0
0
0
0
0
0
0
0
0
0
0
-3741.16002360898
303.412835233100
-485.190860976798
-484.403082250741
-554.948730562749
169.159839044596
30.5279780375210
165.374466158499
210.123196896338
-246.609714777635
89.8255534996052
46.7656744349840
-374.671211583489
16.1699770021340
285.114177189414
-296.794605010782
-21.8864633367802
420.491541892585
-98.9801535598168
-311.860537087313
-190.299135101756
148.092123511672
679.771528498305
-185.595448699073
132.404371985200
-38.7339695930145
-112.964210984369
-154.974781618124
-746.499386048342
196.953957579771
-441.076976330623
-229.085791457983
-502.706398404198
-676.545826842876
250.438971031559
-436.890212043862
-104.747916368815
20.5642432508108
-388.846609598291
-373.384618158227
67.9194768061224
43.3477810298786
-125.914031910618
0
0
0
0
0
0
0
0
0
0
0
0
0
0
0
0
0
0
0
0
0
0
0
0
0
0
0
0
0
0
0
0
0
0
0
0
0
0
0
0
0
0
0
0
0
0
0
0
0
0
0
0
0
0
-3698.97834461207
-187.166425311223
-377.982919578863
424.226388540027
297.737734776000
30.6832694283360
190.393959092407
-51.7269526338295
435.413835886020
-377.198760910106
202.012336347547
-23.2558072275616
-71.3936068526566
45.4087176779735
-78.6180485033102
-211.745742444742
-179.196279503809
-617.917658201366
155.956718033658
-77.9903560998558
182.430432145266
-347.047741192222
-211.856470196186
15.5945111530720
654.416308664190
390.203479574171
198.971742082651
-72.8994362507305
500.139382781652
125.363663203333
-72.3439016826624
220.701777694860
451.779599364790
-12.7847425218336
162.676525101141
-437.822484794290
493.997204968146
-236.643737528872
603.518223691257
70.5329393687215
-411.645309913532
-123.884087228246
0
0
0
0
0
0
0
0
0
0
0
0
0
0
0
0
0
0
0
0
0
0
0
0
0
0
0
0
0
0
0
0
0
0
0
0
0
0
0
0
0
0
0
0
0
0
0
0
0
0
0
0
0
0
0
-3581.43842117603
-202.802365456303
271.397944311446
604.864433284114
-452.677787631640
40.6440141886384
-584.294219689282
12.7199794736243
-151.433692861952
171.862906008906
109.009481035110
-3.19729641047389
743.685032327215
-81.6276263641302
-673.961461451653
89.0614562270049
9.72211055858966
50.7695972033293
128.610310709569
33.4567478563279
-355.926685973837
-541.429246503663
121.063280914854
-251.169474079772
211.442516413518
382.674765739456
67.8536583052333
-907.916585512927
231.844993071109
-370.244541102531
330.452625854143
-176.039205592762
-417.630386683120
-137.770392203809
-331.346465506986
-277.340016802234
-364.220669449776
-261.057942928470
-148.866374344856
-311.027451068334
134.767168160813
0
0
0
0
0
0
0
0
0
0
0
0
0
0
0
0
0
0
0
0
0
0
0
0
0
0
0
0
0
0
0
0
0
0
0
0
0
0
0
0
0
0
0
0
0
0
0
0
0
0
0
0
0
0
0
0
-3626.38388325086
-707.667812505461
72.5856450261988
-173.951552256295
100.758539033083
-272.194490756118
-443.974248696502
242.267620175796
308.261635599140
395.797222600110
-220.702192895148
48.6414072206042
-792.477694844096
-290.513775489900
-47.5123695601421
-513.687223000464
153.239611156448
-422.969435515830
-738.649839546706
-223.047509916404
-22.3390976918261
113.413629108671
-497.542761095490
-122.017962263558
-25.7896065747904
45.7479327568552
-392.967293497096
-253.341937122297
-632.201032712730
-240.418245124569
-380.938638299220
250.779764147690
-69.9254555862013
-207.319997066840
-251.933591124900
153.197063836408
66.2817971473086
328.740618676863
351.347507137445
-352.947969548491
0
0
0
0
0
0
0
0
0
0
0
0
0
0
0
0
0
0
0
0
0
0
0
0
0
0
0
0
0
0
0
0
0
0
0
0
0
0
0
0
0
0
0
0
0
0
0
0
0
0
0
0
0
0
0
0
0
-3721.57707592765
-509.048154596342
-622.978667210818
-24.6694884247163
-313.170554917795
-82.2532001750985
-1.77813201150315
452.900967722967
-135.162872865890
-344.916994465765
32.6197275766990
-385.431189831810
95.4469632201363
-105.689630529199
-370.994406420356
-80.9845637343367
-217.311999655861
152.002147928302
394.960793960847
-53.9419780724818
36.7578108375275
-356.865070075525
-248.715223560154
-19.1043010383983
-125.156507459265
77.9154986472604
-78.1633646442240
145.236843337372
473.936621299924
398.333531643499
-353.932039254771
-746.721112862687
-148.472868575274
-167.016084451049
370.467366404411
305.808683782988
-224.661455682068
-46.6990569243431
151.125166872062
0
0
0
0
0
0
0
0
0
0
0
0
0
0
0
0
0
0
0
0
0
0
0
0
0
0
0
0
0
0
0
0
0
0
0
0
0
0
0
0
0
0
0
0
0
0
0
0
0
0
0
0
0
0
0
0
0
0
3656.71612545294
192.519698039436
331.749476956790
-289.552425412452
296.686950320234
-319.734013153174
300.022811794252
581.244887490533
-342.943657901409
7.08906774545153
400.706427876276
155.424942013300
-29.2872112151721
39.6239611414243
-162.907564964825
-190.853886437347
89.4128065112686
390.868929966843
-56.8080959241090
36.0411067095287
-72.2544819769804
327.156004392620
236.566959854241
-232.654377312677
-260.754715454610
41.2330932903419
417.714409567045
-191.554280346490
-158.486158939360
24.9021387016348
219.105790074814
99.8193345038636
-298.301349933701
-96.9059868001465
145.017470160759
-110.583641778614
126.255660664250
-271.302276554573
0
0
0
0
0
0
0
0
0
0
0
0
0
0
0
0
0
0
0
0
0
0
0
0
0
0
0
0
0
0
0
0
0
0
0
0
0
0
0
0
0
0
0
0
0
0
0
0
0
0
0
0
0
0
0
0
0
0
0
3799.54745130455
692.545698926114
291.010878032636
-333.670605259344
-143.730165166929
126.171929187627
-340.970328437646
164.007851407123
-125.045567840279
565.715176021061
42.0798341658002
256.584433745000
-289.497391405202
116.785997291036
584.637682747315
262.282000077620
265.966344795139
-255.354746301625
93.5419138781494
359.226527649613
279.380896099207
326.509219832114
194.355468698479
965.897704545539
192.014298264866
-9.41768531990275
467.111093343615
544.058926088036
99.0925828944268
-474.227107564105
-186.761979368083
112.438446610527
295.110348229665
242.747962945305
206.385736011996
574.490288397261
-35.8260202783395
0
0
0
0
0
0
0
0
0
0
0
0
0
0
0
0
0
0
0
0
0
0
0
0
0
0
0
0
0
0
0
0
0
0
0
0
0
0
0
0
0
0
0
0
0
0
0
0
0
0
0
0
0
0
0
0
0
0
0
0
-3713.75758293941
17.5173927459195
217.913124164705
368.038358253824
-474.267049497007
-414.724471666952
485.715149727847
-397.359106267857
-143.014522006456
17.8373165770393
376.550295356124
293.822450924280
-217.861641630657
81.0275908740683
-167.298551831369
161.793756484962
228.530420520384
133.577644554286
177.266842266939
73.3201349159865
360.111273220073
56.8142990988416
-4.13657900709063
199.736316730005
-231.595006734286
-128.173495431831
-289.074757330833
109.571110722251
82.2277499323670
-314.746961571439
-525.229163657706
380.142808270901
-799.466365500455
-456.049395382360
-387.032572799126
358.583322671123
0
0
0
0
0
0
0
0
0
0
0
0
0
0
0
0
0
0
0
0
0
0
0
0
0
0
0
0
0
0
0
0
0
0
0
0
0
0
0
0
0
0
0
0
0
0
0
0
0
0
0
0
0
0
0
0
0
0
0
0
0
-3299.89263668824
574.130330284744
112.075548068647
17.5143222673237
-133.433759240762
-212.904645964492
-84.6853995980188
288.000556101497
-58.1447604321602
-195.186144141684
-102.960868917890
338.975234061588
67.9477221103197
-215.209530891373
-486.594000552291
142.669295467581
-200.126394138376
-390.726912555718
303.389220680361
193.208978508309
-134.907610810029
358.601070031245
316.136687547688
62.3205177763108
-433.306219278787
144.088678840533
-103.438076115218
-209.413182768216
333.761782642856
119.595133266452
-185.031172946188
-185.773194152484
-294.000544719299
432.628253306717
345.768456744731
0
0
0
0
0
0
0
0
0
0
0
0
0
0
0
0
0
0
0
0
0
0
0
0
0
0
0
0
0
0
0
0
0
0
0
0
0
0
0
0
0
0
0
0
0
0
0
0
0
0
0
0
0
0
0
0
0
0
0
0
0
0
3595.63908871841
-506.018554094630
-242.855203666490
158.576471286443
294.713710453183
-206.460729299795
-12.1358715611552
-355.701186797813
744.480761257200
402.422819268830
99.8714767509259
-147.734029463088
80.5656045544823
-173.494551235923
-11.2323960780542
44.1120872110369
170.513485736127
238.463255840998
411.623223841740
84.9940536966668
740.792045041466
826.601756299675
-92.8049274427243
500.761665852773
-326.735933234391
-22.9032267103706
81.4606535078321
520.029618993271
287.061281609855
-515.289715089600
286.480476092573
-26.9228348373450
198.775074033848
-272.568209474709
0
0
0
0
0
0
0
0
0
0
0
0
0
0
0
0
0
0
0
0
0
0
0
0
0
0
0
0
0
0
0
0
0
0
0
0
0
0
0
0
0
0
0
0
0
0
0
0
0
0
0
0
0
0
0
0
0
0
0
0
0
0
0
3642.82898973862
392.529561959122
89.9678360068973
571.254869088488
-64.5508388747369
162.516317577583
233.875963167283
-282.475087326824
81.9508479367452
513.699893637810
-186.571746256771
93.4642818298622
345.010004129002
-275.852708762055
391.955265834218
-26.3394749418353
249.061031147849
454.746448484253
246.268890000468
291.951159837724
-48.5412420386319
39.0818754943446
-80.5482668642964
514.594180845645
301.784629340213
211.772269408178
253.586565262002
106.368951489345
645.021341371240
397.526018925845
653.621183601983
98.7317932241557
917.599425477201
0
0
0
0
0
0
0
0
0
0
0
0
0
0
0
0
0
0
0
0
0
0
0
0
0
0
0
0
0
0
0
0
0
0
0
0
0
0
0
0
0
0
0
0
0
0
0
0
0
0
0
0
0
0
0
0
0
0
0
0
0
0
0
0
3711.10042011853
-166.186297470272
-368.212414369748
8.28454690401874
-607.354123434014
149.392209110483
-33.3578931920158
-181.619954732495
215.334869707397
601.083377366381
-205.431130467066
241.094646803132
632.564493484915
-455.688055398426
134.617290130375
-197.253928699483
-21.7023129440081
157.835985156617
298.144269289370
-44.2190617210659
679.240049407772
43.2852007049799
231.244359896232
-310.468990735061
136.734920647662
-278.478507838513
590.774133969801
-434.841560909432
-47.0027134572658
-685.109177546574
-281.262617775714
223.020544491987
0
0
0
0
0
0
0
0
0
0
0
0
0
0
0
0
0
0
0
0
0
0
0
0
0
0
0
0
0
0
0
0
0
0
0
0
0
0
0
0
0
0
0
0
0
0
0
0
0
0
0
0
0
0
0
0
0
0
0
0
0
0
0
0
0
-3695.75958399804
-248.365622738401
168.278746655615
-219.122290403139
-83.9994851448027
-129.845869188385
12.3680717938982
-679.549865593214
-21.2917987102850
53.6241889383853
-156.284761012382
176.670420210298
120.706316071537
-21.8976000884808
-441.299511081121
295.473728859253
123.376168466876
535.758757278207
-221.229476010216
96.4845696628694
273.375465258814
215.198565098929
154.005824361490
-676.187366781226
-99.2170839541823
-323.030584616973
-18.8352686139772
-784.869564320536
-317.181001613468
170.692521805259
85.5643706654851
0
0
0
0
0
0
0
0
0
0
0
0
0
0
0
0
0
0
0
0
0
0
0
0
0
0
0
0
0
0
0
0
0
0
0
0
0
0
0
0
0
0
0
0
0
0
0
0
0
0
0
0
0
0
0
0
0
0
0
0
0
0
0
0
0
0
-3704.84826569641
-649.877118136087
72.2357294694070
-75.5702411837128
533.230011298339
-525.920017627166
99.3744435721551
-245.532630691139
-301.816841078259
-527.271589718630
-132.901519783480
-155.463703594386
-152.563936340614
-166.710091539454
322.200988237165
74.4640141227478
42.2595668796476
-193.664578152432
-8.37318189001869
223.258591613901
44.9643239342369
220.626206683485
-94.5707117730045
-40.4533036679952
51.1621577052770
237.342453217715
-426.133356836302
546.338835124199
-56.2710570895734
152.529755658516
0
0
0
0
0
0
0
0
0
0
0
0
0
0
0
0
0
0
0
0
0
0
0
0
0
0
0
0
0
0
0
0
0
0
0
0
0
0
0
0
0
0
0
0
0
0
0
0
0
0
0
0
0
0
0
0
0
0
0
0
0
0
0
0
0
0
0
3601.37265377213
421.247252744764
864.783776221235
-278.688553135002
-104.694520844748
126.887316511612
-313.725578407091
325.444564271767
441.836780981756
212.839626909237
141.730812729461
268.389860197812
331.788048186658
668.565868442311
342.953270481875
401.042239881764
345.985992113766
679.821353451672
-330.070982484926
147.935393369754
-446.145182909211
314.743984445023
593.814973988575
386.054104813736
-184.486488947701
138.896874776253
-95.3931091728068
457.914373061444
-18.5344167516508
0
0
0
0
0
0
0
0
0
0
0
0
0
0
0
0
0
0
0
0
0
0
0
0
0
0
0
0
0
0
0
0
0
0
0
0
0
0
0
0
0
0
0
0
0
0
0
0
0
0
0
0
0
0
0
0
0
0
0
0
0
0
0
0
0
0
0
0
-3647.78009037755
-179.434116308775
-136.458603242541
68.0058276160931
-381.952219176108
71.2483327405285
65.2434084726258
-470.608446447646
296.444000517152
-33.3326358459076
-37.3004180356136
-92.8976180466022
-432.308620181507
159.836195674752
92.7152564711712
-144.218524257502
-307.139101563806
-123.690917580689
199.272819856644
58.7234252141869
-214.868416504458
-95.9183254834289
317.623913070194
-219.587286674407
-167.973167892350
-85.5422458211705
-290.181015065403
-485.558773408362
0
0
0
0
0
0
0
0
0
0
0
0
0
0
0
0
0
0
0
0
0
0
0
0
0
0
0
0
0
0
0
0
0
0
0
0
0
0
0
0
0
0
0
0
0
0
0
0
0
0
0
0
0
0
0
0
0
0
0
0
0
0
0
0
0
0
0
0
0
3388.45485360075
-438.644803101972
131.539106873692
-216.630405534707
313.619990629082
-3.42968655094531
-43.8678894396224
-526.439240664935
-141.089460919244
-38.1318084616611
-530.316358067464
-67.0200120486421
326.801905942996
310.526061857595
-377.429290499774
279.850578008863
297.152252158642
-405.021845414592
325.360252983664
500.021886475259
191.429051890853
-8.40167101777811
-601.067835169855
358.223876118522
126.571335377539
-364.187293116904
306.080021497236
0
0
0
0
0
0
0
0
0
0
0
0
0
0
0
0
0
0
0
0
0
0
0
0
0
0
0
0
0
0
0
0
0
0
0
0
0
0
0
0
0
0
0
0
0
0
0
0
0
0
0
0
0
0
0
0
0
0
0
0
0
0
0
0
0
0
0
0
0
0
-3242.65392269529
44.6722952673660
-113.660830387654
-86.2544044194513
-551.771963676314
199.962612220380
-134.680669870486
-204.949659174583
307.763968562917
54.5677127766487
56.7031458406452
121.642140823231
-212.647082366396
195.124833671758
112.602774294332
106.796283887439
352.379402655973
151.243866977815
347.182378155148
404.429940503201
491.311116046948
-19.9845097212705
41.0054496120411
-229.452546970002
-334.593687377477
-404.361505731788
0
0
0
0
0
0
0
0
0
0
0
0
0
0
0
0
0
0
0
0
0
0
0
0
0
0
0
0
0
0
0
0
0
0
0
0
0
0
0
0
0
0
0
0
0
0
0
0
0
0
0
0
0
0
0
0
0
0
0
0
0
0
0
0
0
0
0
0
0
0
0
3127.67182257382
-317.190522284409
166.429038404100
-227.122810630083
-178.028609790531
-16.2791857500032
40.7955474403078
-83.6531998752317
344.406158183912
219.291955316379
102.363022047523
-236.648299190667
-153.153583006990
393.383721857818
87.3617623635107
64.0344500032320
379.786375267226
-115.163332672681
554.210322875401
145.577464683665
240.657298035103
209.702108696080
-44.8154310733968
-26.7809439037807
125.733272681991
0
0
0
0
0
0
0
0
0
0
0
0
0
0
0
0
0
0
0
0
0
0
0
0
0
0
0
0
0
0
0
0
0
0
0
0
0
0
0
0
0
0
0
0
0
0
0
0
0
0
0
0
0
0
0
0
0
0
0
0
0
0
0
0
0
0
0
0
0
0
0
0
-3789.63978345609
-213.911375193839
-48.0791102977056
729.494460085418
253.972099034506
-63.8772715193939
-360.549089138297
-61.7073424292262
-261.087362302409
571.545248209582
-239.031663464829
-796.567179823211
-363.250534460678
-270.034615824477
128.836939217723
366.843811585086
19.0480750226478
-111.531753881330
158.755987662134
-14.0612933799910
455.029420288468
-767.230740048908
613.928126724469
-165.300330305230
0
0
0
0
0
0
0
0
0
0
0
0
0
0
0
0
0
0
0
0
0
0
0
0
0
0
0
0
0
0
0
0
0
0
0
0
0
0
0
0
0
0
0
0
0
0
0
0
0
0
0
0
0
0
0
0
0
0
0
0
0
0
0
0
0
0
0
0
0
0
0
0
0
3634.87185533105
-258.387725624418
-710.926340097618
220.829127058783
-230.801393971838
-672.299569301851
50.5092823267778
784.063910742590
-212.034366417662
-634.033318519596
-122.903273629961
167.432198328161
-233.250259268988
347.914043867756
-271.377166834179
435.753836595980
74.7612241131826
-68.6291958160976
17.3356268516190
-236.958843067534
-94.9865489319682
-399.430862400515
-753.021529639357
0
0
0
0
0
0
0
0
0
0
0
0
0
0
0
0
0
0
0
0
0
0
0
0
0
0
0
0
0
0
0
0
0
0
0
0
0
0
0
0
0
0
0
0
0
0
0
0
0
0
0
0
0
0
0
0
0
0
0
0
0
0
0
0
0
0
0
0
0
0
0
0
0
0
-3485.87217303756
-245.254955487966
180.017768106871
-547.131916073513
-589.914071927735
-81.1751504517174
-446.004818529367
42.4827385484430
531.966314199368
-108.918129746897
-200.961596354604
190.515049582978
-122.007727567389
-405.005931426895
-385.934107303887
-156.658997344547
110.689612185052
-224.102076040506
-288.481456866579
-520.049447718885
-11.4970626714705
-328.293425771042
0
0
0
0
0
0
0
0
0
0
0
0
0
0
0
0
0
0
0
0
0
0
0
0
0
0
0
0
0
0
0
0
0
0
0
0
0
0
0
0
0
0
0
0
0
0
0
0
0
0
0
0
0
0
0
0
0
0
0
0
0
0
0
0
0
0
0
0
0
0
0
0
0
0
0
-3458.61633918905
-56.0732924808848
-147.698977448757
277.101258661628
42.8734171982370
169.859371857320
-11.0790415270373
90.4015374288874
-260.546557997999
80.2940395930911
222.805411936542
-82.7252647758351
-565.001485120079
205.609935133393
-270.705816958288
39.9257149365773
-282.477888008084
-125.305167313368
382.353132939935
301.723638028126
65.3059814666404
0
0
0
0
0
0
0
0
0
0
0
0
0
0
0
0
0
0
0
0
0
0
0
0
0
0
0
0
0
0
0
0
0
0
0
0
0
0
0
0
0
0
0
0
0
0
0
0
0
0
0
0
0
0
0
0
0
0
0
0
0
0
0
0
0
0
0
0
0
0
0
0
0
0
0
0
-3519.47223338507
-69.2929768877107
36.0811729116033
357.021139933292
164.205099295387
-614.024660214148
-814.675292002942
-188.186186421848
371.217900066824
-142.762202461835
108.091728012154
225.791655711859
-169.355681366711
-192.213747228579
-435.786548483525
-498.896253272593
-262.878777879725
-99.9663201976504
156.208615897409
-394.849901266139
0
0
0
0
0
0
0
0
0
0
0
0
0
0
0
0
0
0
0
0
0
0
0
0
0
0
0
0
0
0
0
0
0
0
0
0
0
0
0
0
0
0
0
0
0
0
0
0
0
0
0
0
0
0
0
0
0
0
0
0
0
0
0
0
0
0
0
0
0
0
0
0
0
0
0
0
0
3746.27022993720
325.086396896205
231.963019884752
51.9602677631875
299.719763439274
-454.903047999277
25.6858464812221
-132.806864436841
-218.574713791432
-363.357411082123
-63.4223323713178
412.724723176513
220.595146830366
85.6271912834721
-24.8254665772014
-368.824080986550
-32.6873389665537
170.237093693692
119.520158462455
0
0
0
0
0
0
0
0
0
0
0
0
0
0
0
0
0
0
0
0
0
0
0
0
0
0
0
0
0
0
0
0
0
0
0
0
0
0
0
0
0
0
0
0
0
0
0
0
0
0
0
0
0
0
0
0
0
0
0
0
0
0
0
0
0
0
0
0
0
0
0
0
0
0
0
0
0
0
-3399.03808017841
-55.9642657686966
121.437402826768
-309.296340461316
-176.409302808806
-136.631562107243
21.8632950279967
-306.317272319145
58.2474421739281
-154.059843775992
301.220198112132
-125.316461095125
397.213823897204
133.353982371415
153.391853903900
-8.33169081207065
-168.026381004219
172.081625995304
0
0
0
0
0
0
0
0
0
0
0
0
0
0
0
0
0
0
0
0
0
0
0
0
0
0
0
0
0
0
0
0
0
0
0
0
0
0
0
0
0
0
0
0
0
0
0
0
0
0
0
0
0
0
0
0
0
0
0
0
0
0
0
0
0
0
0
0
0
0
0
0
0
0
0
0
0
0
0
-3610.31601989367
-548.948211436879
-347.747185391853
-23.6964532788687
65.2274049133164
-54.2138079643798
-296.061795675385
80.1955228655912
-174.203755512233
684.279785083690
88.8259884905518
120.587093269087
-51.0407192854671
-431.457228528335
-169.896259060262
-545.586818661970
42.1874647820290
0
0
0
0
0
0
0
0
0
0
0
0
0
0
0
0
0
0
0
0
0
0
0
0
0
0
0
0
0
0
0
0
0
0
0
0
0
0
0
0
0
0
0
0
0
0
0
0
0
0
0
0
0
0
0
0
0
0
0
0
0
0
0
0
0
0
0
0
0
0
0
0
0
0
0
0
0
0
0
0
-3221.54191378591
457.203019157802
-87.6451596307468
125.619217170157
-10.6884126083050
-89.0632305178266
-124.021353071451
335.094385258936
-608.889567655791
234.375214074011
-170.703203420183
-379.992379997184
9.11288816788800
291.053063093955
-209.816686304179
26.1724663274082
0
0
0
0
0
0
0
0
0
0
0
0
0
0
0
0
0
0
0
0
0
0
0
0
0
0
0
0
0
0
0
0
0
0
0
0
0
0
0
0
0
0
0
0
0
0
0
0
0
0
0
0
0
0
0
0
0
0
0
0
0
0
0
0
0
0
0
0
0
0
0
0
0
0
0
0
0
0
0
0
0
-3156.42750617755
-393.503819441298
307.372847436052
-446.108852232941
-551.992986138821
-10.7328328642324
339.079061196699
-135.676533786666
123.871744006437
-160.775492065974
-378.185738017556
273.665525087004
-607.858038330006
-463.491947007660
-426.044715514158
0
0
0
0
0
0
0
0
0
0
0
0
0
0
0
0
0
0
0
0
0
0
0
0
0
0
0
0
0
0
0
0
0
0
0
0
0
0
0
0
0
0
0
0
0
0
0
0
0
0
0
0
0
0
0
0
0
0
0
0
0
0
0
0
0
0
0
0
0
0
0
0
0
0
0
0
0
0
0
0
0
0
3174.88760689977
-167.876772933480
-286.788141850961
-196.202592743274
-154.589535633703
27.6399148363659
348.993040210624
144.119244068123
-6.71276033970310
-207.500197362885
-146.098768417390
584.388673348300
-37.0783645204716
-461.166779286697
0
0
0
0
0
0
0
0
0
0
0
0
0
0
0
0
0
0
0
0
0
0
0
0
0
0
0
0
0
0
0
0
0
0
0
0
0
0
0
0
0
0
0
0
0
0
0
0
0
0
0
0
0
0
0
0
0
0
0
0
0
0
0
0
0
0
0
0
0
0
0
0
0
0
0
0
0
0
0
0
0
0
0
-3595.09946924495
-407.540698248254
-599.670713458066
-102.749845945910
228.269986433255
241.782043978511
-374.186987375855
-593.636383945389
-191.535373655437
-138.174802671465
-258.589629492844
-386.173179580531
-271.005394392326
0
0
0
0
0
0
0
0
0
0
0
0
0
0
0
0
0
0
0
0
0
0
0
0
0
0
0
0
0
0
0
0
0
0
0
0
0
0
0
0
0
0
0
0
0
0
0
0
0
0
0
0
0
0
0
0
0
0
0
0
0
0
0
0
0
0
0
0
0
0
0
0
0
0
0
0
0
0
0
0
0
0
0
0
3284.04782820441
-242.549351301227
-34.1393558609810
170.594550639549
-295.446191549109
-171.955153625916
171.359648751249
274.875643162484
-285.740144443236
158.892081756572
118.642551075014
-28.5001739922496
0
0
0
0
0
0
0
0
0
0
0
0
0
0
0
0
0
0
0
0
0
0
0
0
0
0
0
0
0
0
0
0
0
0
0
0
0
0
0
0
0
0
0
0
0
0
0
0
0
0
0
0
0
0
0
0
0
0
0
0
0
0
0
0
0
0
0
0
0
0
0
0
0
0
0
0
0
0
0
0
0
0
0
0
0
3303.38285213175
-164.613369461744
41.8785291496226
198.853929046012
-133.522885108412
-183.846996770072
231.801360609288
42.9632690910103
199.484967007576
-36.7341024290174
-307.245999792644
0
0
0
0
0
0
0
0
0
0
0
0
0
0
0
0
0
0
0
0
0
0
0
0
0
0
0
0
0
0
0
0
0
0
0
0
0
0
0
0
0
0
0
0
0
0
0
0
0
0
0
0
0
0
0
0
0
0
0
0
0
0
0
0
0
0
0
0
0
0
0
0
0
0
0
0
0
0
0
0
0
0
0
0
0
0
-3329.01961803353
488.606996810498
-155.533776849748
-237.572630563296
-216.402888403885
-515.112427392589
-499.941607265601
-142.031803565235
-267.769959081199
133.886481107419
0
0
0
0
0
0
0
0
0
0
0
0
0
0
0
0
0
0
0
0
0
0
0
0
0
0
0
0
0
0
0
0
0
0
0
0
0
0
0
0
0
0
0
0
0
0
0
0
0
0
0
0
0
0
0
0
0
0
0
0
0
0
0
0
0
0
0
0
0
0
0
0
0
0
0
0
0
0
0
0
0
0
0
0
0
0
0
-3557.79146389236
434.189588284438
-481.946462804515
-37.9008768761999
-107.845685285010
-304.455370769652
-168.944746197324
626.083499061915
124.149079612604
0
0
0
0
0
0
0
0
0
0
0
0
0
0
0
0
0
0
0
0
0
0
0
0
0
0
0
0
0
0
0
0
0
0
0
0
0
0
0
0
0
0
0
0
0
0
0
0
0
0
0
0
0
0
0
0
0
0
0
0
0
0
0
0
0
0
0
0
0
0
0
0
0
0
0
0
0
0
0
0
0
0
0
0
0
0
0
0
-3275.67138452790
427.528098000561
-10.6331663664011
-479.911507361944
455.534506821222
-140.206479868414
-529.006118211601
-67.9778844003955
0
0
0
0
0
0
0
0
0
0
0
0
0
0
0
0
0
0
0
0
0
0
0
0
0
0
0
0
0
0
0
0
0
0
0
0
0
0
0
0
0
0
0
0
0
0
0
0
0
0
0
0
0
0
0
0
0
0
0
0
0
0
0
0
0
0
0
0
0
0
0
0
0
0
0
0
0
0
0
0
0
0
0
0
0
0
0
0
0
3381.95819443925
42.9292866865895
537.560312685596
-120.128914655221
95.6804325189114
-533.684329189731
-68.4797428541164
0
0
0
0
0
0
0
0
0
0
0
0
0
0
0
0
0
0
0
0
0
0
0
0
0
0
0
0
0
0
0
0
0
0
0
0
0
0
0
0
0
0
0
0
0
0
0
0
0
0
0
0
0
0
0
0
0
0
0
0
0
0
0
0
0
0
0
0
0
0
0
0
0
0
0
0
0
0
0
0
0
0
0
0
0
0
0
0
0
0
-3422.92618978702
115.274968725397
84.1918922020949
245.493687888999
-383.613943398199
-6.78630188127904
0
0
0
0
0
0
0
0
0
0
0
0
0
0
0
0
0
0
0
0
0
0
0
0
0
0
0
0
0
0
0
0
0
0
0
0
0
0
0
0
0
0
0
0
0
0
0
0
0
0
0
0
0
0
0
0
0
0
0
0
0
0
0
0
0
0
0
0
0
0
0
0
0
0
0
0
0
0
0
0
0
0
0
0
0
0
0
0
0
0
0
-3097.73122323232
-413.451931080860
-562.639332090206
474.683641967614
-26.6733316705174
0
0
0
0
0
0
0
0
0
0
0
0
0
0
0
0
0
0
0
0
0
0
0
0
0
0
0
0
0
0
0
0
0
0
0
0
0
0
0
0
0
0
0
0
0
0
0
0
0
0
0
0
0
0
0
0
0
0
0
0
0
0
0
0
0
0
0
0
0
0
0
0
0
0
0
0
0
0
0
0
0
0
0
0
0
0
0
0
0
0
0
0
2958.14443617431
244.596491824882
156.110720836767
-582.011179497964
0
0
0
0
0
0
0
0
0
0
0
0
0
0
0
0
0
0
0
0
0
0
0
0
0
0
0
0
0
0
0
0
0
0
0
0
0
0
0
0
0
0
0
0
0
0
0
0
0
0
0
0
0
0
0
0
0
0
0
0
0
0
0
0
0
0
0
0
0
0
0
0
0
0
0
0
0
0
0
0
0
0
0
0
0
0
0
0
0
0
0
0
0
3513.29727695301
-94.2918724981410
398.889715647520
0
0
0
0
0
0
0
0
0
0
0
0
0
0
0
0
0
0
0
0
0
0
0
0
0
0
0
0
0
0
0
0
0
0
0
0
0
0
0
0
0
0
0
0
0
0
0
0
0
0
0
0
0
0
0
0
0
0
0
0
0
0
0
0
0
0
0
0
0
0
0
0
0
0
0
0
0
0
0
0
0
0
0
0
0
0
0
0
0
0
0
0
0
0
2859.11136753690
557.531235078974
0
0
0
0
0
0
0
0
0
0
0
0
0
0
0
0
0
0
0
0
0
0
0
0
0
0
0
0
0
0
0
0
0
0
0
0
0
0
0
0
0
0
0
0
0
0
0
0
0
0
0
0
0
0
0
0
0
0
0
0
0
0
0
0
0
0
0
0
0
0
0
0
0
0
0
0
0
0
0
0
0
0
0
0
0
0
0
0
0
0
0
0
0
0
0
3217.78084629092