tensor
4
96 6 6 6 
697
287
227
552
720
424
981
685
481
393
344
730
439
60
399
738
183
176
532
532
635
850
725
612
723
323
362
229
294
631
93
434
431
494
426
313
427
894
945
502
624
116
318
415
867
251
484
986
520
613
121
827
604
546
343
305
418
682
876
511
670
586
625
675
843
84
764
244
195
573
96
886
628
724
17
595
557
159
154
696
319
692
555
389
926
842
358
44
305
399
705
996
356
763
594
692
152
399
241
344
514
667
106
131
322
662
847
554
855
385
317
355
172
830
339
553
579
522
3
989
906
208
293
521
902
984
258
565
807
395
732
162
601
866
984
80
429
205
451
548
94
297
928
570
458
754
742
49
709
840
166
781
287
307
666
112
665
888
697
441
439
766
566
85
583
815
338
928
751
575
752
80
860
822
910
129
82
139
400
425
563
123
202
812
468
808
8
552
932
583
207
718
379
669
30
636
33
745
473
122
543
67
654
997
770
574
103
700
662
50
793
519
426
789
412
482
182
322
846
187
418
990
237
917
919
92
464
503
314
48
242
96
239
808
895
44
302
981
540
627
6
485
989
376
98
462
964
342
799
799
209
444
716
411
192
968
651
866
26
267
503
68
994
237
375
215
106
233
301
635
282
363
6
366
534
163
598
294
633
27
888
17
127
778
46
711
972
872
711
959
430
873
356
930
149
941
833
847
124
597
17
722
8
85
226
876
364
540
569
226
573
661
299
419
454
933
588
949
557
501
4
481
928
199
53
407
373
858
27
921
681
905
608
812
336
350
390
755
370
243
938
909
349
635
274
207
337
328
883
823
710
960
423
246
118
302
146
93
603
365
565
192
677
216
279
742
560
335
543
694
913
581
233
747
778
201
821
465
780
238
333
954
658
773
689
205
471
809
676
7
88
347
945
492
271
361
211
422
219
846
457
280
933
315
910
44
708
484
445
37
41
333
948
618
369
612
207
166
362
864
510
297
951
816
323
973
988
409
656
406
258
83
264
272
399
185
954
103
626
442
424
372
869
281
21
919
865
277
524
110
94
838
411
662
944
246
14
25
710
925
468
376
543
859
653
233
775
135
166
613
239
705
350
278
999
41
646
39
761
231
90
649
733
679
52
295
452
288
811
132
613
989
903
223
1
981
883
920
416
745
213
393
852
128
894
497
427
306
917
518
805
858
923
304
340
596
442
933
398
478
618
405
993
99
221
323
148
285
780
523
34
983
617
59
662
379
136
564
728
672
248
525
538
717
360
798
628
39
547
862
568
176
511
757
111
818
168
535
386
249
648
38
761
527
876
521
36
144
796
492
442
319
285
966
433
885
649
859
853
957
698
806
734
606
718
716
41
517
793
243
466
435
403
122
526
447
664
550
28
32
702
708
960
877
469
626
458
223
377
104
667
193
476
968
32
152
299
942
909
163
982
751
540
932
881
392
657
648
327
180
467
264
356
955
462
685
337
996
659
197
99
944
945
622
17
226
802
876
454
366
275
117
116
953
809
165
208
656
765
811
164
985
228
590
588
968
658
585
519
765
107
3
953
499
329
369
804
383
771
441
845
77
482
467
265
944
906
444
98
207
272
485
339
775
477
871
996
220
612
848
946
291
728
16
880
64
734
995
502
210
595
625
669
173
899
621
44
685
197
28
551
814
860
104
664
711
295
972
279
70
520
695
245
339
564
887
748
210
252
524
769
619
502
598
757
538
898
948
916
755
247
386
280
658
325
755
114
776
586
836
431
625
555
976
756
545
175
905
206
651
937
224
226
852
828
352
266
128
988
836
900
514
115
53
331
921
948
842
159
420
247
206
685
487
325
101
545
348
392
311
388
556
15
848
922
551
269
991
384
694
690
435
200
967
64
486
221
294
829
368
84
197
861
978
268
676
82
724
417
919
312
942
504
349
648
250
230
197
960
493
752
474
588
585
980
669
240
16
219
456
394
813
786
90
953
528
597
406
650
872
674
971
702
822
46
673
655
102
843
615
99
595
479
234
20
366
620
330
308
752
759
719
102
517
558
745
904
370
429
733
663
558
351
196
184
82
82
846
384
61
897
224
269
195
968
113
723
933
669
859
243
674
701
459
871
695
895
754
521
499
454
22
536
423
158
120
450
40
987
379
383
52
427
16
31
340
821
459
15
164
740
739
755
352
353
803
399
728
582
365
81
117
890
453
995
364
250
351
344
638
13
764
417
433
482
450
498
346
454
405
519
624
242
509
595
17
521
240
405
827
327
484
25
309
640
316
206
291
955
87
464
59
539
147
635
265
691
348
5
295
82
496
289
640
500
37
319
490
573
105
650
344
183
806
69
930
707
476
12
391
646
859
618
398
448
874
352
66
443
999
380
194
46
171
325
575
666
43
937
236
150
531
678
308
670
295
903
881
72
151
699
1
822
357
745
45
210
71
180
385
492
917
628
707
83
287
992
561
788
33
85
110
16
922
254
997
739
251
992
869
165
186
681
79
585
67
222
949
499
574
270
441
134
517
54
49
680
55
522
267
188
574
297
457
139
127
107
72
554
757
793
958
169
136
470
862
768
559
157
392
720
374
40
584
721
715
165
336
410
421
115
386
507
711
570
405
928
599
975
868
674
900
992
221
692
919
18
800
90
917
613
163
40
828
140
940
91
838
424
873
769
853
471
714
319
48
233
2
364
494
20
8
687
101
74
496
719
978
296
118
69
208
101
4
286
165
19
355
826
304
711
729
26
962
140
718
380
869
995
194
820
506
966
659
594
230
719
289
846
978
8
955
359
489
925
776
244
97
842
748
859
385
493
466
315
336
719
754
864
845
754
333
711
973
917
972
37
612
216
247
845
751
329
520
189
4
900
710
529
55
421
381
172
157
174
597
125
239
947
220
764
599
414
596
134
485
973
428
243
928
611
728
544
12
756
979
717
809
852
1000
289
450
543
153
481
277
837
348
82
11
861
859
935
73
395
429
861
262
303
733
181
636
743
181
222
700
795
954
309
549
147
437
262
349
804
804
705
124
285
940
453
622
19
519
690
59
116
369
945
249
22
810
850
537
894
180
275
21
584
888
607
81
694
676
167
829
913
392
309
575
973
725
791
769
957
817
269
232
243
213
209
935
952
90
65
858
564
212
462
74
983
140
807
959
712
89
590
130
867
673
943
146
454
544
109
677
567
349
413
797
357
973
919
79
853
674
56
956
834
833
916
922
220
938
48
882
457
832
274
755
805
81
915
818
596
708
346
471
148
500
783
559
134
830
738
38
805
866
513
379
84
829
4
344
328
913
450
889
90
847
613
538
306
491
274
456
769
626
681
893
53
199
725
409
651
898
737
934
152
757
703
8
43
34
528
777
406
4
175
949
245
854
371
522
490
135
367
1000
565
466
550
264
567
729
106
279
209
745
936
425
634
32
132
385
665
641
193
133
939
356
461
96
911
669
510
432
52
215
857
623
194
190
351
616
543
528
869
862
846
703
393
270
956
46
619
847
272
979
886
200
271
898
110
189
609
148
573
576
597
251
822
971
278
866
294
349
786
138
62
387
130
80
589
184
301
730
93
994
309
546
792
238
342
207
379
735
715
183
477
689
739
637
195
869
289
370
559
860
650
702
217
353
137
737
949
735
125
694
434
93
1000
725
623
874
326
667
469
124
542
632
474
126
76
665
838
925
389
939
820
425
407
334
70
10
246
255
730
158
693
731
460
118
720
914
367
759
742
55
56
677
831
921
142
584
283
223
739
414
438
845
239
529
828
132
597
838
765
885
33
692
204
558
775
421
705
841
946
546
317
391
866
241
884
58
972
120
884
541
562
981
952
799
652
678
134
468
430
102
12
17
738
448
491
254
541
128
164
818
28
917
339
933
64
313
594
938
91
810
614
641
993
322
361
536
626
312
707
83
195
14
750
948
769
173
284
672
310
407
256
535
870
240
530
666
7
253
568
826
228
899
825
395
814
850
282
116
101
881
495
672
391
781
825
893
642
893
867
272
589
263
638
898
484
825
18
868
945
314
710
820
125
415
207
747
406
1
263
204
75
531
337
219
937
324
128
524
893
778
149
299
238
928
280
170
456
612
159
25
95
651
164
259
676
872
953
384
227
740
713
975
98
879
176
748
996
232
743
775
281
922
70
229
295
91
246
788
268
507
136
592
611
219
75
702
634
483
896
978
733
963
148
160
1000
377
560
945
604
871
708
856
471
950
126
808
236
619
777
702
440
931
162
721
254
688
191
48
785
818
163
808
329
572
602
914
571
869
422
654
192
713
928
428
648
545
15
908
810
416
91
352
526
245
833
296
205
173
727
547
696
291
401
896
331
903
967
20
495
623
13
351
29
617
464
263
778
543
333
936
976
183
979
588
876
292
47
13
431
5
446
744
669
732
595
954
241
904
982
4
432
677
615
990
661
618
927
903
835
408
698
956
240
488
758
598
784
265
131
472
665
598
611
93
492
203
711
559
601
596
307
84
414
298
570
224
224
326
174
403
825
853
109
331
614
227
920
707
221
107
74
188
396
751
141
37
892
336
331
526
420
296
716
793
827
771
691
194
732
275
722
98
424
394
37
885
677
779
666
344
507
129
162
325
644
600
776
533
676
44
934
847
937
174
146
541
839
739
259
476
236
565
568
84
633
98
28
856
249
466
938
626
373
852
215
489
566
586
18
377
515
458
822
723
933
224
157
204
657
252
665
684
82
741
314
222
259
897
606
650
218
360
811
341
813
200
733
117
823
673
958
30
132
28
17
847
632
644
377
54
432
158
935
879
301
18
21
529
824
343
658
858
637
7
552
175
801
413
440
304
230
160
408
538
901
402
322
819
697
115
708
952
498
491
724
200
368
317
996
162
174
461
275
871
437
685
819
273
733
400
255
891
566
497
181
902
638
948
45
117
878
452
467
224
489
439
721
636
799
784
422
302
327
990
410
756
83
430
329
161
24
252
794
298
874
579
805
1000
641
341
311
973
715
503
215
490
763
975
673
25
466
828
511
345
862
578
505
487
682
456
568
289
172
821
320
126
185
413
286
696
350
586
168
137
907
865
898
494
71
311
882
423
327
296
550
453
375
424
267
192
202
39
946
957
103
74
417
764
827
22
284
536
136
970
252
532
110
339
124
912
950
542
350
324
924
620
410
772
536
218
239
276
17
256
612
754
114
973
489
63
940
272
310
460
325
178
128
510
71
710
342
993
63
49
252
352
814
830
724
826
729
874
465
277
630
365
68
856
835
497
467
119
126
798
855
6
784
536
438
476
714
3
63
842
998
242
401
702
665
784
915
265
528
141
971
758
188
740
799
137
500
823
348
51
345
782
101
311
854
162
389
555
178
701
782
635
862
131
4
267
841
127
764
930
561
884
249
723
781
488
603
89
277
77
240
893
31
497
523
286
782
590
196
472
24
18
735
173
969
359
699
463
410
668
627
877
85
507
608
650
626
368
32
714
44
471
720
274
28
93
140
666
654
979
324
132
173
33
824
77
894
49
814
196
24
702
3
298
58
122
126
724
973
245
399
375
257
713
272
515
130
848
688
539
615
225
845
123
882
614
941
289
936
639
10
103
593
96
748
672
188
637
567
247
708
252
865
397
496
662
883
457
655
597
73
633
47
506
107
609
721
786
591
990
360
12
819
453
543
848
262
327
97
682
213
854
611
912
61
992
398
546
644
486
528
418
187
970
802
598
57
895
78
783
59
762
845
450
555
838
971
18
130
865
679
273
446
112
29
732
725
695
885
287
424
251
626
638
408
936
489
918
731
939
758
225
690
239
291
222
497
435
908
594
360
624
342
837
90
219
95
868
273
995
152
325
894
636
495
164
791
334
754
583
617
326
76
596
744
577
602
698
45
224
614
136
271
46
216
12
819
588
547
6
851
1
788
219
821
130
548
30
555
134
807
237
116
31
575
662
895
62
392
164
503
239
412
369
691
742
425
245
795
848
541
250
784
357
919
267
941
428
754
209
625
583
421
736
818
728
814
746
150
773
191
100
902
599
177
637
333
142
800
110
963
772
713
240
760
23
554
311
833
762
488
473
74
235
708
66
788
980
80
458
580
813
151
361
836
519
164
870
937
740
974
927
122
410
597
733
536
650
117
407
7
652
165
404
499
667
764
716
568
529
857
867
62
271
922
593
135
72
95
770
222
243
131
600
514
282
659
778
980
479
413
293
785
973
601
643
690
424
221
257
618
638
462
44
878
245
582
739
185
474
2
48
251
659
887
425
26
293
958
112
756
748
590
931
643
967
827
795
952
618
323
104
695
524
386
950
913
378
946
433
207
621
95
153
815
820
241
747
974
958
445
864
558
565
240
385
215
743
641
805
620
278
953
651
477
778
255
811
339
75
783
191
645
270
686
127
624
193
504
873
476
773
147
658
152
769
715
403
471
169
636
913
561
316
410
219
442
496
941
430
863
167
546
591
594
503
768
173
69
143
564
250
739
63
909
952
786
878
379
160
200
502
662
569
105
728
789
30
459
438
68
177
815
585
219
459
855
103
956
142
291
182
470
311
989
16
322
595
341
456
426
87
650
835
528
150
482
15
908
241
903
585
984
850
12
16
744
517
756
590
233
787
32
807
666
674
44
210
489
443
27
336
968
307
633
682
624
290
572
705
384
281
275
919
645
753
568
631
277
893
502
806
519
117
112
465
430
914
132
687
919
412
885
145
106
234
522
647
772
767
112
875
113
898
958
585
694
370
551
833
160
502
410
867
131
892
251
606
380
933
198
503
229
802
272
954
925
476
13
966
686
492
605
111
158
639
49
703
920
709
561
795
749
591
198
8
458
242
228
507
376
505
270
611
622
209
568
446
970
722
182
883
478
847
831
18
234
912
770
136
213
619
279
205
984
459
520
653
76
397
906
944
496
893
500
986
788
831
187
5
505
983
968
615
185
9
497
302
337
834
90
91
443
414
64
546
433
994
67
118
159
325
665
967
908
443
71
645
418
24
818
530
438
724
859
933
332
184
331
977
99
951
619
10
860
682
145
342
873
729
319
795
255
550
934
437
557
777
204
450
921
652
702
963
589
871
993
677
685
182
464
738
343
117
21
669
34
489
883
824
720
860
749
19
472
15
556
237
442
205
820
185
327
16
310
27
450
27
389
607
911
554
516
48
375
394
324
890
396
211
786
813
346
822
706
111
369
853
373
866
446
565
390
614
525
843
968
290
155
328
713
211
322
935
754
954
87
488
905
440
690
171
247
424
314
644
827
359
764
281
404
36
145
113
577
628
56
559
754
505
462
635
383
608
925
855
738
874
300
751
292
517
488
48
571
505
520
32
375
424
737
735
382
404
711
420
607
268
54
695
669
84
25
3
130
212
858
434
653
970
443
799
387
742
265
888
53
453
989
144
102
332
137
678
615
527
971
316
445
464
706
228
756
186
978
953
400
880
395
542
748
759
886
462
594
570
506
695
260
66
519
429
528
613
365
307
676
401
834
763
902
97
161
608
709
211
25
862
779
922
290
510
727
626
13
510
982
233
456
808
267
407
691
450
955
851
290
1
537
854
910
123
892
498
980
802
167
527
882
814
969
835
992
525
597
70
395
316
918
332
887
240
582
535
99
318
986
595
827
720
901
345
222
72
842
523
720
65
847
583
118
499
598
341
712
582
841
864
63
647
723
143
884
857
140
884
647
787
799
162
63
637
338
261
130
860
572
837
557
49
220
818
192
913
320
423
663
801
766
817
510
322
215
960
574
969
494
376
612
994
865
410
43
409
759
2
833
261
367
921
375
479
444
363
82
424
494
219
826
495
239
101
578
479
716
989
201
734
432
396
289
358
118
456
588
280
454
473
660
584
944
527
608
531
346
163
17
223
559
28
318
41
687
514
893
630
704
883
897
369
585
404
567
942
994
472
65
960
119
25
699
850
618
594
329
626
825
327
461
643
782
638
158
530
436
646
646
98
139
88
96
525
3
783
569
722
481
907
823
499
245
127
844
677
266
727
308
255
740
740
824
850
547
258
606
299
793
119
327
39
446
141
973
356
790
829
93
669
345
299
755
255
310
757
350
393
741
139
693
324
845
619
8
133
751
220
18
739
673
224
626
628
940
98
172
303
767
472
369
382
509
325
682
26
598
361
479
754
36
217
512
618
186
196
624
724
450
446
401
253
986
626
357
256
252
318
555
582
662
24
577
582
920
232
44
946
564
105
327
392
768
265
950
573
96
508
584
959
913
941
648
643
685
49
265
255
782
171
744
418
271
904
303
774
759
377
326
4
464
178
11
616
126
307
715
746
952
909
516
946
343
551
545
23
36
239
932
905
637
67
953
67
506
621
710
926
344
375
544
250
548
348
930
308
634
386
986
892
319
6
297
494
337
659
332
329
896
291
593
521
259
150
355
319
360
813
534
974
303
249
44
863
478
296
28
623
299
652
112
518
137
655
737
802
794
878
862
811
250
876
486
136
810
811
439
714
108
122
399
237
866
865
140
311
451
124
120
475
608
169
154
700
917
2
766
11
941
348
770
523
369
387
686
883
809
345
763
170
1
690
85
404
819
385
53
18
908
820
654
9
765
433
84
756
694
213
325
962
117
816
651
225
570
576
48
689
51
562
44
788
969
68
879
785
411
174
742
735
664
313
455
13
338
488
258
564
268
649
580
864
195
760
875
43
418
348
23
773
879
766
725
355
245
498
101
640
611
903
907
967
69
725
314
731
561
983
473
119
629
441
332
605
849
243
675
736
963
217
515
701
49
871
342
676
405
898
808
468
949
770
433
887
530
560
110
894
393
481
988
826
116
774
236
166
821
538
472
109
95
401
941
220
721
536
553
952
860
850
52
989
945
109
551
27
107
868
44
259
492
262
934
325
715
774
49
385
197
257
412
56
613
192
85
447
341
975
801
271
592
535
185
765
701
128
725
629
10
52
548
91
607
173
687
370
742
192
654
973
489
280
315
190
574
514
550
684
18
126
214
7
186
846
650
162
36
250
714
446
536
536
236
169
159
965
940
748
648
225
117
935
281
190
925
157
299
179
15
185
455
531
168
717
536
601
320
199
797
354
522
742
876
449
973
528
794
78
93
615
386
765
572
618
168
552
545
738
704
623
159
969
610
164
805
142
271
563
153
87
681
42
351
246
936
580
70
410
374
146
734
188
848
938
88
661
627
513
637
905
757
646
428
243
204
217
865
120
116
22
727
6
921
972
235
41
964
210
536
649
593
846
484
523
999
561
198
168
868
360
948
806
945
562
42
851
580
868
285
858
201
283
145
139
105
536
676
212
915
100
110
884
694
183
986
33
109
283
735
715
798
546
600
346
385
97
119
698
25
453
663
483
69
768
477
293
171
615
925
265
875
664
19
850
397
845
199
519
206
490
922
506
993
271
604
967
755
692
743
331
291
145
604
923
765
987
992
435
517
825
766
775
558
587
844
944
778
772
159
856
946
273
192
165
23
407
180
128
730
763
702
666
518
62
979
986
885
763
766
597
113
822
678
79
608
188
557
250
639
777
50
74
998
684
310
238
419
946
690
994
551
423
206
539
644
516
135
169
789
214
106
164
899
624
772
230
630
194
521
74
518
229
222
497
573
702
305
289
85
318
347
494
417
698
453
841
531
588
698
676
935
741
956
342
973
599
310
138
518
963
842
747
55
774
688
838
105
394
338
773
760
501
364
104
152
11
775
921
34
796
277
515
694
336
983
986
673
984
118
13
852
693
313
525
399
454
570
517
615
333
563
864
362
282
489
321
904
607
742
31
99
404
418
66
795
564
500
676
693
331
477
582
5
142
390
45
55
515
614
243
896
810
860
457
816
669
94
14
940
540
734
162
699
651
902
304
364
615
880
269
96
326
639
998
174
812
225
515
749
108
798
79
325
33
844
603
166
118
477
8
793
969
36
586
612
11
766
260
653
211
88
251
878
761
491
117
211
963
141
288
554
370
270
680
157
473
116
288
360
640
459
285
685
474
724
386
726
570
248
544
136
10
692
178
593
467
437
314
523
973
767
414
873
527
986
971
29
175
839
365
247
537
672
316
861
501
232
675
471
152
73
605
65
974
204
987
321
928
637
97
257
393
421
564
595
311
89
691
463
684
569
7
803
769
404
782
17
427
425
197
220
49
658
959
927
201
541
795
331
176
21
739
271
189
899
828
795
57
929
451
256
732
38
148
424
972
34
62
117
299
262
171
705
727
392
540
579
823
421
904
815
544
290
731
700
147
905
191
65
4
768
4
249
972
104
589
57
463
622
532
670
152
704
32
297
928
184
155
412
435
283
190
235
681
115
117
159
906
852
950
938
63
815
347
813
947
708
846
559
525
949
427
97
216
677
407
773
535
135
662
950
513
881
972
285
526
19
522
213
414
65
784
575
643
392
99
367
606
559
754
350
945
679
541
63
571
818
341
814
869
763
399
83
568
409
370
142
666
443
362
942
390
173
63
987
376
841
76
498
400
266
744
650
70
286
267
914
229
513
961
993
506
374
448
221
995
318
162
120
872
252
322
305
750
876
261
143
716
470
92
419
67
982
909
953
856
17
126
673
142
456
204
152
106
840
838
490
614
231
917
574
639
449
674
647
975
600
167
717
298
226
463
539
40
587
674
910
544
101
578
859
673
847
136
505
548
838
326
718
596
309
585
830
485
14
225
412
683
922
361
249
101
734
710
637
810
449
118
332
174
939
902
627
940
951
910
297
31
518
644
468
979
696
591
777
531
872
467
105
198
447
441
927
432
83
479
713
229
872
8
705
250
730
607
902
89
490
608
865
16
795
477
897
98
229
493
688
129
608
436
347
715
566
91
388
37
379
924
630
713
294
684
960
739
857
147
497
201
588
629
61
976
754
652
327
367
67
125
374
771
735
191
284
60
720
930
433
266
232
783
653
987
952
74
181
146
504
403
790
199
101
631
179
810
265
390
346
948
260
421
410
851
817
854
625
253
198
119
572
387
56
713
463
59
443
948
178
639
428
330
151
380
27
373
566
334
153
432
358
984
564
458
961
784
353
467
517
207
133
155
365
93
198
103
16
394
446
747
568
859
687
818
566
530
968
414
525
700
487
419
668
49
859
978
614
469
454
563
730
300
317
138
728
373
837
481
114
1000
818
270
81
33
788
107
257
99
962
332
237
718
650
343
560
627
414
803
750
855
95
584
730
18
608
361
884
830
252
795
137
782
686
827
523
773
731
58
515
561
903
551
901
240
433
527
350
341
162
173
851
739
441
777
150
210
589
105
670
321
895
629
442
542
228
35
56
401
848
692
644
953
894
429
744
505
696
446
579
163
744
49
62
551
645
291
898
501
129
896
572
688
361
857
622
614
339
926
969
664
24
807
495
974
256
80
843
502
358
432
943
44
542
226
838
581
494
606
335
805
591
850
591
172
768
861
780
449
666
774
291
128
959
936
683
589
964
778
437
874
835
545
352
363
552
873
424
109
326
11
878
248
959
380
533
761
41
411
402
39
701
760
595
426
196
194
671
487
652
919
637
66
668
21
954
265
541
605
217
135
806
693
612
173
756
647
582
458
165
190
829
221
909
153
668
411
625
45
356
191
117
30
41
703
498
319
88
174
271
487
937
340
357
714
486
283
157
39
222
923
994
805
462
715
824
360
178
163
575
63
994
447
229
518
249
618
822
423
738
593
170
215
545
850
445
626
759
799
648
782
606
925
343
837
648
574
719
24
782
230
154
665
903
551
234
740
899
735
809
936
525
903
803
350
328
208
666
885
84
580
699
816
558
661
524
192
69
256
814
122
72
223
290
403
834
625
751
891
768
262
549
454
823
250
609
40
325
470
207
673
369
189
869
201
577
486
445
237
821
643
804
726
765
193
609
788
498
620
273
457
839
210
712
636
76
665
457
182
428
127
948
975
426
210
797
317
357
401
716
613
992
840
975
774
423
922
403
101
222
979
182
396
831
504
655
874
108
478
324
634
496
342
203
145
744
828
785
673
627
409
639
118
571
581
496
804
370
322
107
318
365
89
738
34
907
104
235
172
639
991
835
69
112
537
780
713
511
26
986
761
612
712
597
703
330
811
69
484
959
571
222
544
249
332
1
887
133
793
749
20
19
343
334
522
118
538
779
758
820
689
287
835
616
266
369
519
29
874
405
375
195
483
242
833
998
353
154
57
570
754
904
61
955
360
62
105
701
371
586
864
431
592
866
988
746
665
361
946
561
386
422
30
718
717
318
287
774
220
649
819
354
50
358
676
442
925
525
971
664
818
639
505
571
825
565
924
304
422
466
661
779
630
873
967
36
3
251
106
811
806
122
512
916
144
646
746
912
593
501
465
322
462
182
677
214
50
470
800
231
811
722
629
590
273
483
248
146
585
772
441
737
705
453
747
317
805
335
683
678
416
711
891
68
296
120
179
192
965
701
581
587
94
366
894
11
20
275
635
868
34
519
628
61
473
904
356
463
570
138
469
526
156
754
121
238
646
289
95
483
350
444
176
972
142
293
495
916
89
618
168
652
571
808
44
117
706
216
2
881
970
282
343
308
646
431
78
631
774
940
405
85
178
467
690
656
789
540
836
218
314
124
428
565
461
325
164
721
516
749
619
592
988
834
558
293
187
957
989
935
147
706
637
412
237
832
773
661
632
830
378
742
302
939
328
764
734
809
855
609
199
244
163
747
564
473
890
79
389
144
3
371
504
59
416
222
470
764
427
143
561
135
851
631
46
525
477
841
844
732
823
611
594
348
437
558
456
673
377
691
344
559
821
784
343
738
417
68
39
876
117
762
390
218
237
513
942
563
515
361
134
126
549
401
322
235
778
990
278
738
158
712
268
884
143
529
691
145
723
899
735
340
288
11
700
973
853
116
842
607
94
660
67
28
731
819
359
123
433
570
555
711
851
976
473
303
317
211
643
426
672
211
628
886
847
979
479
143
258
815
436
711
693
679
29
677
621
282
22
392
539
747
851
931
224
216
458
310
111
968
687
731
781
105
886
652
212
459
315
935
491
914
311
895
739
926
234
328
904
13
125
47
795
974
719
921
924
696
612
363
491
516
949
28
892
156
709
558
30
89
180
353
27
380
48
756
826
556
174
693
124
957
162
669
744
563
57
850
795
705
170
133
623
143
790
341
142
289
221
375
643
709
849
582
563
182
87
942
299
307
981
11
925
133
522
74
29
570
490
249
569
794
677
268
614
251
541
430
494
538
295
462
866
879
132
673
563
686
204
549
832
740
964
851
786
803
395
404
196
895
557
987
71
816
25
691
274
884
455
550
614
842
826
783
799
616
105
182
688
194
477
60
61
61
169
494
414
767
444
606
247
867
565
857
250
990
261
655
161
51
631
867
78
543
857
720
599
654
688
915
259
824
711
207
809
192
122
534
1
875
318
433
305
819
423
672
176
61
580
549
642
806
372
856
59
149
513
511
451
143
669
388
277
188
896
796
169
11
123
111
764
408
370
433
743
664
724
592
304
296
273
936
119
278
829
986
218
972
731
383
343
868
278
311
26
507
214
994
153
882
148
397
629
911
893
204
176
719
243
953
32
189
113
676
25
553
781
122
144
158
138
750
339
526
26
797
14
964
972
33
79
548
350
635
654
28
221
674
198
48
538
152
899
829
759
832
801
791
998
753
486
671
136
43
281
476
184
776
904
212
748
262
348
263
212
280
364
189
863
53
669
461
544
899
183
262
407
232
797
174
571
52
84
12
593
546
492
300
531
489
652
330
231
727
698
154
725
659
907
710
949
753
82
828
240
692
524
849
100
672
337
298
184
364
4
771
483
741
299
709
670
808
273
971
527
318
461
910
604
645
863
120
320
755
731
987
428
65
666
706
625
571
278
328
944
661
411
731
477
528
911
863
167
651
937
833
378
497
751
923
589
340
475
868
553
413
448
195
682
362
336
809
578
548
194
780
895
483
953
549
209
40
718
410
864
751
244
303
87
720
819
481
617
194
967
318
739
555
579
977
961
262
638
177
756
599
922
690
484
293
165
255
818
936
850
824
316
640
566
791
668
20
615
67
659
330
753
635
552
829
484
892
839
58
895
621
966
732
789
539
965
704
420
69
978
882
637
552
610
876
925
292
304
49
991
966
787
444
570
775
222
219
562
678
512
302
390
588
60
977
972
844
367
668
643
409
882
553
38
299
744
855
613
659
784
424
139
294
492
710
370
237
422
807
627
477
272
263
243
594
123
808
481
961
244
678
378
982
630
688
142
364
715
332
776
733
96
123
125
33
328
679
499
135
554
904
40
422
172
36
44
532
524
284
669
277
326
2
120
410
466
191
784
544
697
320
573
201
377
578
280
226
512
627
768
774
185
63
615
950
926
770
223
230
559
252
651
829
291
901
430
438
665
808
717
536
835
946
931
304
386
773
698
695
792
706
277
566
341
300
311
399
423
288
644
770
557
661
216
689
993
352
198
292
225
574
946
56
832
362
352
373
609
153
919
384
719
982
610
832
218
109
392
343
116
503
766
221
361
37
465
946
165
115
128
532
365
727
831
64
975
546
702
897
284
458
918
322
956
640
651
92
384
248
487
765
731
707
255
701
478
489
622
140
932
621
358
579
677
863
514
688
309
388
78
653
657
63
400
97
564
351
771
419
995
710
259
120
726
329
74
578
103
250
470
777
420
302
189
376
38
369
269
115
167
930
367
702
917
124
597
907
949
429
403
969
733
867
775
669
402
402
688
832
68
873
532
543
780
834
224
799
38
714
564
721
840
964
469
519
348
281
589
364
424
105
106
914
180
830
715
439
212
51
872
675
184
66
920
281
262
622
522
259
210
899
295
72
625
862
44
162
220
694
287
868
236
577
54
784
992
676
628
280
736
495
208
717
564
924
456
923
799
171
578
737
36
113
906
413
940
282
639
439
917
740
423
751
757
14
623
56
783
12
820
676
986
147
459
421
188
407
224
20
440
368
512
437
922
259
875
138
454
89
639
893
616
690
516
443
975
977
664
821
873
220
806
134
638
936
596
347
868
440
838
535
154
234
781
973
942
501
186
77
445
23
895
642
732
299
658
102
267
849
372
189
225
649
585
106
868
904
139
349
720
446
358
951
320
810
364
510
961
638
333
273
495
618
576
129
419
674
635
357
550
152
114
201
288
751
597
5
537
376
362
800
501
171
221
313
339
400
879
335
574
4
179
768
437
319
295
467
4
314
952
140
10
3
714
569
995
332
154
544
187
699
174
351
538
737
791
351
508
570
337
726
102
511
437
229
240
368
858
128
655
437
652
279
832
104
793
132
193
119
831
745
60
908
958
949
179
654
140
364
974
646
731
976
173
577
67
455
876
21
519
843
312
923
647
56
654
387
152
928
978
773
847
992
29
114
932
588
423
155
36
765
28
437
54
745
532
253
245
586
123
636
939
463
704
278
527
525
389
196
638
954
452
115
355
685
494
307
856
617
885
974
608
195
580
118
785
99
480
719
924
896
69
989
448
210
978
866
641
612
405
26
584
473
909
531
747
963
94
516
894
889
315
624
653
797
730
709
708
380
570
789
251
349
556
243
459
515
168
240
164
731
91
246
721
918
253
896
339
849
512
574
469
757
390
647
600
251
784
489
453
579
860
297
329
373
189
776
473
96
696
129
677
386
615
234
617
94
963
861
264
298
925
228
518
590
253
581
673
872
595
901
564
639
959
819
978
560
248
879
677
953
328
741
423
179
212
252
508
774
936
105
816
311
397
559
735
179
324
446
570
823
504
201
311
646
270
219
292
427
305
739
807
43
460
273
391
187
68
639
963
735
980
966
354
739
814
470
322
934
48
398
978
132
47
342
79
588
617
816
996
30
596
829
682
154
615
187
920
972
656
551
136
782
812
356
645
220
925
87
709
745
707
764
961
420
201
130
79
462
109
826
487
823
652
921
842
278
703
898
522
743
49
628
736
558
280
940
460
556
63
816
423
333
916
256
142
472
744
42
720
516
677
683
315
177
21
23
871
509
327
913
927
537
551
634
699
335
741
20
810
676
871
621
600
232
417
784
509
743
981
455
208
445
337
212
990
453
981
710
382
1
395
312
459
571
628
133
620
545
127
205
532
661
170
664
314
830
389
814
235
739
535
646
455
986
695
389
741
736
123
232
712
368
407
497
779
465
278
680
865
522
701
835
158
600
731
125
456
178
464
9
740
821
829
808
56
292
240
479
920
187
788
356
110
358
208
204
988
300
800
8
66
612
685
644
872
227
322
563
149
522
610
472
782
818
270
266
104
989
180
128
534
811
90
267
931
512
174
220
748
458
578
712
186
830
41
153
901
106
526
232
665
892
848
754
657
965
183
627
928
205
294
768
762
650
70
469
666
805
845
694
575
343
735
353
516
25
150
310
465
570
202
530
638
448
543
331
252
776
296
18
751
299
274
381
463
805
160
533
10
63
654
928
61
271
90
45
592
882
121
587
176
409
292
165
334
716
177
415
594
963
230
587
32
251
515
504
999
195
632
64
881
89
475
740
541
297
847
784
897
588
447
811
684
255
343
588
42
126
437
253
813
460
798
290
69
960
335
628
421
740
639
606
186
695
625
413
330
838
173
684
331
368
432
902
17
53
653
43
696
619
749
6
345
344
13
185
477
178
187
610
287
366
366
239
330
224
423
212
125
774
889
901
236
803
440
255
181
68
501
632
770
751
829
229
777
182
649
851
3
992
32
644
142
999
90
984
409
183
255
581
23
879
345
249
450
150
897
993
387
61
991
820
618
849
688
650
122
830
890
677
31
461
958
891
857
530
164
401
777
830
945
487
658
149
628
549
385
102
74
444
512
87
271
726
785
723
280
968
328
849
685
414
334
609
231
455
593
743
222
68
187
637
804
219
561
390
27
91
32
485
734
61
277
34
193
619
438
248
275
127
638
778
581
403
177
728
100
238
703
39
535
136
620
931
423
67
31
940
469
907
412
307
276
511
749
604
622
146
595
217
787
192
300
93
905
232
93
263
394
187
472
986
964
167
733
233
956
418
380
983
519
170
579
732
700
743
759
942
592
534
799
85
367
622
410
729
544
741
785
508
740
172
373
772
18
254
332
861
118
227
460
424
436
349
86
451
332
721
978
621
638
52
635
444
121
908
459
946
759
599
957
91
476
529
397
794
285
260
81
748
351
150
534
938
969
253
416
192
495
581
440
498
665
365
799
786
190
437
933
131
38
646
629
492
894
596
623
839
32
721
87
384
512
690
70
791
665
166
635
715
483
440
778
857
13
61
845
937
438
543
104
292
713
485
814
278
429
814
851
425
459
237
426
498
307
124
363
605
143
844
544
318
485
219
298
192
461
361
348
892
297
201
154
8
319
639
649
991
917
143
851
91
432
503
946
569
805
972
824
222
214
328
858
669
422
321
345
621
7
168
804
168
837
323
965
175
43
816
257
121
891
665
41
155
742
887
484
966
419
937
319
522
35
714
647
316
40
930
453
576
386
386
196
496
897
987
766
980
626
189
869
854
457
591
544
606
732
717
817
166
548
109
691
838
674
613
302
892
416
954
970
247
727
112
905
132
128
835
192
468
204
635
704
419
735
107
858
731
156
209
361
653
703
936
338
406
703
364
682
558
145
413
37
803
940
881
404
194
397
267
949
618
495
550
146
914
108
359
384
807
275
523
811
946
367
413
53
287
597
365
65
33
48
263
567
444
451
749
224
930
25
848
677
158
145
49
372
515
596
402
102
355
569
851
417
240
847
450
911
422
119
599
791
741
939
104
950
218
496
881
333
321
598
112
992
413
139
873
53
878
279
401
282
36
953
88
18
754
729
343
1
19
172
604
252
282
963
900
127
609
247
22
167
101
804
35
39
605
928
8
730
369
436
376
622
126
116
337
93
874
992
965
529
797
973
710
924
163
949
161
57
982
989
108
412
637
852
372
916
145
33
406
529
921
894
433
864
165
213
512
49
757
536
144
511
498
640
57
370
808
26
639
342
676
293
904
302
847
174
981
363
504
838
76
151
339
390
812
225
811
736
817
837
743
182
477
784
229
812
683
787
106
555
739
551
95
947
634
508
354
250
511
57
941
175
316
827
960
517
736
938
57
3
798
487
710
395
134
59
904
831
811
232
971
883
503
961
727
20
971
559
72
364
410
843
28
649
898
657
386
465
929
74
450
594
119
603
94
977
282
495
990
274
483
677
916
433
303
420
407
562
161
60
2
276
319
969
218
545
869
739
60
373
666
7
954
232
488
72
151
345
112
242
492
571
834
252
785
982
931
132
433
656
72
400
908
856
48
772
773
71
655
759
203
735
865
538
177
937
455
756
810
671
152
924
845
588
555
331
921
538
545
624
392
327
775
758
589
669
603
458
820
147
791
241
97
941
611
618
915
219
511
1000
379
907
691
645
141
771
79
173
808
492
512
544
187
237
899
526
541
172
796
740
200
522
892
96
615
621
70
703
78
257
921
716
357
381
10
37
884
112
771
92
570
198
952
975
359
822
286
750
177
640
956
183
165
447
959
445
210
29
364
737
288
450
186
706
441
94
332
724
670
764
908
520
138
489
5
539
925
984
975
219
684
296
296
400
656
139
584
850
636
510
302
177
156
418
695
434
659
978
948
320
437
122
365
796
845
55
544
701
630
693
978
113
720
839
806
597
744
154
627
396
717
830
496
35
368
528
74
95
227
860
633
734
774
655
602
540
758
598
497
757
257
29
894
970
685
790
42
151
874
425
32
187
569
519
231
973
751
710
604
772
121
909
804
943
101
5
787
986
738
931
436
218
905
4
581
689
49
913
916
958
816
464
544
767
513
607
848
114
911
248
24
25
892
722
875
528
568
143
953
381
541
328
235
523
515
981
547
795
798
648
274
865
577
909
52
66
777
123
388
225
492
179
883
942
580
196
702
751
353
362
431
52
397
269
269
142
448
423
172
283
62
334
228
519
239
464
819
680
444
91
14
712
219
866
82
554
483
772
894
341
38
184
143
93
279
580
425
862
470
288
945
20
647
158
502
923
195
309
346
951
637
257
737
184
171
254
945
228
673
515
143
702
366
894
16
362
382
617
585
705
972
888
272
323
333
835
2
95
88
169
555
152
804
815
348
215
144
536
487
6
308
501
153
276
740
385
171
796
637
627
82
410
243
597
57
677
592
383
413
461
231
452
417
713
457
549
485
647
313
67
241
724
253
785
328
102
212
706
832
909
445
680
452
613
540
589
80
31
399
623
262
284
869
978
940
467
662
828
751
608
86
89
23
505
762
833
537
196
503
600
432
870
582
715
809
318
560
679
936
560
880
629
133
378
594
547
551
972
516
540
929
196
612
855
233
133
127
949
63
95
199
459
779
96
857
181
949
289
299
106
65
498
857
79
52
433
420
858
180
791
303
49
365
397
627
250
14
136
248
942
279
902
583
309
675
85
826
586
484
501
890
116
196
722
383
312
537
387
675
246
102
209
442
513
623
928
356
838
101
854
126
672
300
989
805
746
511
418
419
119
812
126
265
902
199
221
66
835
403
426
75
899
348
634
389
661
198
62
774
657
404
32
812
881
290
400
897
758
770
347
824
266
299
591
200
72
404
534
174
898
99
632
849
533
804
799
338
834
613
950
303
30
758
119
743
187
641
361
860
214
143
295
773
484
88
177
81
516
509
273
41
725
86
558
650
931
976
603
245
1000
567
165
867
490
809
226
898
495
513
605
637
63
184
805
108
229
513
790
173
647
344
342
95
614
712
187
303
793
987
51
496
488
587
406
155
405
405
622
768
939
928
23
90
578
375
315
441
849
274
809
292
137
325
801
295
360
243
401
521
660
591
252
518
53
438
158
160
837
902
877
736
707
384
629
980
654
967
244
766
541
800
365
100
576
685
78
803
349
294
874
152
109
522
184
579
635
705
763
533
723
523
695
330
2
39
835
766
449
971
613
899
671
142
531
37
910
661
896
115
349
851
934
104
4
213
715
331
449
875
382
102
902
375
1000
121
504
571
722
670
110
293
472
177
778
597
632
310
371
864
314
709
584
982
139
235
934
206
530
186
416
968
201
106
986
81
932
662
820
422
50
640
641
73
298
309
796
605
110
45
376
483
739
114
217
807
105
60
713
32
763
251
505
987
166
660
379
700
683
158
465
720
742
99
129
560
483
816
724
605
441
943
619
964
405
993
975
632
288
253
572
68
209
499
866
394
722
851
873
536
273
678
542
145
893
755
154
582
863
191
552
491
897
543
580
167
229
496
169
656
825
370
778
989
779
482
862
356
622
52
239
222
221
297
602
856
465
522
938
574
759
33
87
161
842
577
586
834
827
643
974
950
383
226
244
750
266
60
161
561
434
992
141
7
670
85
782
217
361
935
247
124
484
243
157
331
493
7
67
178
71
140
746
510
307
432
573
742
969
996
52
713
55
349
688
300
773
754
692
191
399
687
950
601
174
196
105
378
984
811
214
630
431
519
438
956
9
365
882
1
680
10
732
521
151
378
134
739
284
187
26
857
478
272
494
124
19
804
537
161
466
162
399
278
684
475
111
339
713
80
295
153
913
356
476
366
274
956
785
98
704
443
243
847
900
846
965
760
553
139
621
11
507
953
714
508
202
636
647
496
423
33
982
253
104
180
523
170
150
414
621
282
510
412
797
92
756
550
200
129
618
110
805
609
689
616
904
43
571
725
284
467
140
423
179
837
234
441
473
855
635
557
46
109
231
777
77
779
827
496
944
600
987
758
48
293
937
530
189
776
900
74
169
661
782
258
682
394
934
727
295
384
398
816
941
577
493
888
570
87
566
257
675
920
196
355
536
653
395
926
166
398
681
776
709
449
959
564
426
790
294
391
847
738
924
480
94
935
779
199
41
855
883
775
575
380
662
383
559
164
426
673
836
401
301
251
929
196
134
609
382
683
759
987
495
396
765
787
947
316
487
623
982
760
989
829
214
803
575
334
190
146
128
423
917
634
498
476
162
769
291
723
116
769
769
21
854
120
882
313
978
425
987
107
153
490
72
940
652
718
483
850
453
525
536
347
900
349
692
674
135
779
895
342
841
618
740
70
128
798
377
22
276
612
849
331
367
179
510
569
550
928
78
101
88
686
421
380
974
645
727
824
64
847
225
597
534
753
862
951
717
13
812
25
884
289
806
227
704
514
618
704
496
178
895
626
990
248
200
64
323
400
661
149
670
425
451
302
715
727
121
858
988
228
725
956
60
1000
944
724
576
90
661
541
170
908
497
176
788
375
370
314
962
42
521
760
836
542
769
974
553
345
996
863
352
877
785
668
600
89
752
169
779
726
441
122
446
113
300
264
448
71
370
669
703
12
608
248
411
109
1
792
288
170
461
884
504
122
256
312
105
820
548
902
617
26
886
118
606
358
720
81
793
803
230
163
640
650
287
543
883
504
108
877
168
576
809
801
258
546
543
455
964
390
277
649
743
92
588
12
79
748
808
165
729
87
966
47
58
241
366
468
366
78
700
319
658
646
730
558
473
127
416
334
165
123
266
824
577
665
93
351
816
604
74
500
462
464
666
558
734
157
892
847
158
148
748
448
217
766
198
269
856
780
848
545
397
449
196
602
696
517
180
985
578
581
450
634
956
937
150
424
889
197
754
769
183
6
575
173
604
991
693
491
412
577
207
438
860
473
200
741
321
973
133
848
502
489
78
721
157
103
337
630
282
219
813
723
157
488
505
596
841
958
924
205
838
613
137
603
371
80
786
174
657
669
999
258
41
257
596
805
744
220
924
958
540
426
471
819
104
777
698
963
50
997
705
457
831
420
466
506
529
926
71
136
729
969
938
839
855
797
142
764
502
442
267
823
112
988
738
740
59
810
892
495
425
434
513
636
756
457
606
269
329
162
175
439
378
239
760
197
970
904
936
396
612
293
972
196
729
600
981
344
542
566
943
813
492
605
605
643
306
187
397
10
160
182
464
7
227
18
837
913
373
764
123
989
225
579
798
544
701
85
145
370
226
988
435
154
92
970
134
281
712
880
211
810
905
706
538
572
299
833
844
415
725
996
659
371
383
711
97
751
507
516
163
269
242
829
673
69
475
412
156
910
406
615
422
7
874
505
567
858
831
184
714
163
861
844
354
760
283
841
636
38
385
893
476
624
711
558
393
857
851
472
402
220
675
964
268
497
403
657
182
556
897
89
319
72
548
875
553
850
155
34
793
173
791
730
983
62
534
725
204
492
140
206
61
111
361
235
561
312
271
366
221
106
807
49
670
830
501
529
300
106
74
100
250
362
442
163
494
212
736
272
137
829
747
214
796
259
613
735
877
6
990
168
717
827
443
536
234
340
54
150
593
190
655
257
464
181
497
105
166
683
534
857
949
151
354
768
104
448
161
555
674
992
735
558
114
111
283
3
568
650
425
533
411
77
871
766
402
620
215
535
877
9
352
61
166
113
632
278
127
203
556
433
353
825
93
165
742
948
858
720
116
995
512
955
244
186
835
348
382
138
850
585
293
588
295
769
145
361
947
789
874
317
643
61
649
222
179
350
638
71
391
253
710
879
387
429
891
47
722
955
498
77
448
537
210
574
149
214
920
18
774
573
136
993
272
193
248
475
671
384
587
757
340
902
951
816
223
489
262
798
177
289
276
937
855
459
968
313
670
120
117
272
902
501
242
355
127
425
396
689
810
694
143
329
328
996
794
260
112
422
200
697
991
135
4
859
873
758
704
322
156
447
187
531
355
586
986
221
614
664
840
824
368
176
113
678
956
965
353
367
546
498
185
909
47
150
92
127
475
110
144
307
544
735
777
397
67
266
125
757
829
901
875
297
500
550
725
770
439
285
274
550
751
977
574
207
822
636
348
896
621
638
132
786
925
945
3
437
347
255
70
357
631
947
299
349
587
804
815
547
401
429
723
970
942
528
739
476
337
694
893
466
852
589
373
145
70
976
79
991
703
648
478
950
573
427
466
822
876
605
16
86
952
557
965
555
795
660
693
542
760
499
804
293
44
154
378
882
879
347
425
549
666
440
706
522
170
843
406
101
231
466
545
902
333
878
137
196
184
589
554
312
791
579
683
274
583
829
388
885
253
953
655
873
399
415
595
36
958
900
350
355
750
375
510
665
463
308
500
458
905
762
862
950
925
865
18
97
613
515
242
270
756
715
155
315
992
565
571
928
835
675
206
939
677
38
420
322
725
739
544
957
496
340
736
299
263
470
666
48
563
58
977
179
902
308
138
593
834
219
848
699
871
600
215
706
275
93
497
169
678
242
563
207
919
906
731
282
285
270
324
43
581
576
99
557
201
576
542
260
261
623
402
893
970
982
144
854
127
44
28
875
74
575
582
700
426
277
470
558
299
215
987
623
290
647
584
157
326
6
769
442
76
392
68
441
854
516
90
492
153
365
755
843
60
414
96
498
663
634
219
748
603
174
582
1000
616
421
200
344
732
136
750
770
576
83
661
638
528
811
156
722
716
686
874
628
659
819
181
154
813
563
360
125
107
806
85
253
112
127
636
779
592
839
563
694
3
763
177
330
496
100
801
832
119
488
860
303
928
132
88
142
178
240
114
855
962
195
222
552
479
667
92
475
162
934
813
289
215
642
88
56
233
718
406
297
514
698
540
897
733
935
15
903
310
783
978
34
987
593
878
647
650
149
690
722
97
87
439
316
849
658
178
198
303
569
503
479
32
542
20
444
208
305
653
397
591
738
719
541
869
890
671
78
112
611
233
954
232
504
78
607
762
700
396
347
268
294
778
771
787
940
582
158
261
441
6
358
433
64
799
680
727
81
556
523
556
599
255
737
461
200
651
336
352
252
527
488
428
403
181
492
344
587
7
141
504
492
301
431
533
410
500
205
787
189
491
674
741
378
673
507
502
205
91
107
188
475
213
208
351
745
860
258
14
460
277
458
469
839
45
999
91
810
725
209
308
953
555
514
592
980
331
581
604
192
970
391
395
911
753
365
252
6
283
145
242
959
208
12
210
622
889
397
842
626
120
569
587
291
568
926
204
921
995
258
192
3
557
290
973
553
519
296
149
167
881
698
6
762
800
723
152
426
595
915
930
333
37
961
947
556
722
260
437
215
247
327
282
426
971
412
115
115
613
651
122
140
711
940
457
214
604
77
343
218
253
564
456
827
487
414
506
665
532
32
492
4
749
278
89
404
767
34
255
623
202
389
643
480
612
552
779
659
865
355
492
78
99
504
441
923
345
422
309
854
435
664
11
986
736
303
631
651
153
30
935
836
846
583
761
84
110
953
879
764
733
216
416
521
683
230
262
297
596
435
373
542
605
404
853
766
883
903
842
347
28
64
324
38
513
85
303
874
253
402
873
737
903
876
161
520
973
102
241
493
2
352
247
393
311
962
611
574
333
772
977
585
518
359
621
602
479
527
389
605
693
904
400
302
915
330
915
625
800
832
295
437
241
848
872
510
627
730
893
118
237
788
243
858
275
523
783
132
168
259
58
199
163
202
687
34
886
182
707
348
506
676
581
294
100
738
567
273
627
829
497
540
754
744
67
4
599
859
827
987
50
212
211
383
653
771
338
307
177
197
504
496
510
671
615
321
88
244
257
269
786
121
54
520
270
925
726
988
978
536
473
257
720
928
784
411
159
649
737
629
80
512
779
405
269
309
232
856
593
772
156
445
884
411
361
132
625
422
441
447
568
728
576
8
85
768
792
236
335
540
883
203
858
213
22
760
519
602
365
778
509
290
826
142
986
645
681
161
442
628
57
796
377
670
476
617
617
858
687
7
267
117
110
328
975
229
780
685
689
527
620
839
722
541
331
136
774
242
458
489
325
378
685
425
888
931
520
244
94
47
776
758
984
710
257
824
15
741
555
829
399
34
905
650
979
642
452
214
94
687
535
705
648
1
719
716
745
67
616
627
732
97
426
420
359
524
96
252
969
27
216
344
293
935
573
452
365
492
96
468
819
476
159
283
22
732
398
166
934
815
145
372
395
920
833
485
294
639
419
49
125
832
954
782
158
813
178
170
444
118
962
456
91
366
195
329
867
28
638
316
354
828
893
750
714
663
271
967
573
457
543
751
111
256
692
47
856
608
933
409
747
485
944
880
167
272
210
423
64
68
653
370
878
562
836
51
662
36
882
354
572
834
736
744
9
587
902
503
552
49
72
501
310
78
134
92
608
459
750
563
126
946
646
479
430
785
66
826
609
110
646
891
442
761
773
635
616
336
220
360
617
694
11
314
624
538
860
940
692
713
353
55
852
112
99
953
845
388
568
428
648
358
343
473
506
181
216
231
420
936
256
820
360
413
125
254
560
515
345
559
998
853
45
668
583
706
46
245
60
685
116
986
786
628
219
84
442
849
737
511
639
869
192
190
957
560
984
678
973
101
178
531
559
604
994
570
885
982
951
72
179
61
653
492
230
22
502
620
835
937
674
419
169
713
286
236
372
823
577
651
312
72
389
630
657
674
331
865
813
327
129
413
719
539
521
757
183
563
867
520
241
790
721
641
149
808
69
742
556
619
833
603
722
837
207
962
533
467
643
974
116
704
603
544
592
127
371
48
277
409
468
269
910
27
413
29
565
69
902
993
968
54
285
750
552
646
928
452
154
472
796
24
931
568
627
424
146
820
677
67
317
1
852
668
750
434
718
967
980
651
324
100
896
109
137
338
917
288
255
136
116
201
22
314
444
80
956
678
773
166
290
582
499
763
898
273
253
432
737
336
953
103
258
240
662
502
892
376
302
157
344
603
182
527
742
281
129
870
985
916
248
990
804
538
682
773
1
596
832
70
695
827
404
732
679
79
715
349
708
629
84
139
584
93
390
851
905
68
976
501
569
537
784
243
862
903
95
659
574
307
869
944
841
764
335
313
187
933
779
939
18
714
836
456
171
881
549
138
488
11
687
570
610
113
874
644
92
343
637
997
259
193
802
399
94
984
804
63
335
948
250
415
276
149
11
96
354
896
268
338
783
929
160
7
572
210
987
935
15
404
841
138
763
548
227
596
307
94
469
214
435
474
133
849
58
198
904
13
158
463
627
323
593
161
640
340
630
611
759
473
411
65
69
197
367
34
981
877
985
688
575
546
527
443
428
870
444
478
922
872
801
523
540
92
571
547
366
830
477
331
847
543
523
524
180
919
576
443
673
400
521
732
893
231
841
529
780
391
252
786
740
433
35
322
459
113
490
338
138
266
302
291
614
253
235
752
751
46
214
464
698
82
449
681
426
963
303
822
50
578
124
685
959
757
405
368
840
566
638
60
85
62
161
223
530
825
755
314
957
985
564
895
667
542
151
752
18
860
230
538
283
926
664
459
551
702
991
963
174
115
672
521
790
1000
38
155
782
50
927
947
982
632
144
231
615
997
985
944
18
461
992
85
760
993
98
179
383
117
25
895
24
811
181
134
971
547
679
584
364
43
745
810
589
572
611
507
987
995
997
739
951
380
850
882
459
726
23
324
823
245
734
826
230
551
598
898
85
256
537
669
63
149
877
120
163
249
901
429
291
7
716
82
431
747
64
179
669
70
308
463
321
882
463
594
943
889
244
302
530
423
454
447
521
986
286
90
816
542
636
932
433
284
240
145
790
68
413
908
69
545
33
529
805
794
192
344
108
947
171
461
601
195
858
282
107
155
105
436
382
348
909
386
419
267
106
973
743
834
474
449
60
295
516
268
829
138
816
548
892
728
856
146
378
457
477
144
653
990
125
533
833
660
739
31
556
283
910
374
262
968
368
347
244
920
55
290
727
698
355
152
596
303
903
43
452
840
384
563
529
693
310
954
642
827
257
731
354
53
825
379
174
162
483
712
616
150
694
561
464
514
540
698
761
170
937
670
105
678
49
468
643
232
364
72
625
440
274
864
158
80
408
824
878
8
121
537
108
244
792
212
200
304
588
214
483
213
7
379
955
306
768
283
800
196
261
388
30
339
171
523
905
612
769
570
983
531
943
859
734
661
442
249
630
358
672
279
670
522
170
518
813
186
370
637
811
373
57
661
636
787
40
443
962
204
217
524
746
725
542
999
790
553
447
298
366
350
375
721
812
936
24
292
705
736
880
202
25
859
432
100
856
385
464
890
949
692
767
222
71
510
29
25
415
633
965
348
36
386
262
425
60
933
558
71
377
710
794
901
860
102
456
379
770
905
990
152
678
284
890
260
870
495
746
33
313
931
646
466
753
486
85
167
941
398
380
514
699
64
520
598
358
135
574
174
246
784
580
567
196
70
763
177
371
676
410
468
241
46
399
736
804
657
600
635
818
435
291
789
817
376
201
338
898
984
182
833
843
821
73
928
419
428
36
169
468
446
301
97
923
559
422
611
910
212
557
531
576
961
438
396
202
136
922
171
552
952
160
3
119
324
262
802
416
823
833
427
264
563
197
890
67
807
387
82
423
491
854
351
399
957
373
63
576
107
495
102
999
348
429
897
308
241
78
584
578
617
61
451
589
408
295
765
419
799
68
18
182
274
305
494
540
824
841
555
908
573
98
425
961
853
441
693
235
898
655
870
309
128
753
434
452
88
434
154
290
72
80
223
90
276
739
144
907
186
633
84
154
512
425
705
323
986
28
69
832
301
125
602
267
708
891
235
634
97
587
389
792
758
812
350
317
858
500
901
517
89
116
111
232
723
777
716
260
855
75
285
642
445
947
962
731
147
882
584
548
340
677
468
393
603
703
42
49
535
110
225
850
133
117
247
536
481
335
162
682
799
323
719
266
426
852
205
441
206
784
259
401
624
802
602
11
928
282
793
292
96
239
759
214
713
47
114
96
776
29
987
286
250
739
522
947
588
421
115
716
984
698
429
298
35
327
388
950
454
183
807
93
792
972
883
872
887
537
51
521
163
491
821
117
658
584
656
949
819
882
799
190
42
380
682
17
201
750
199
660
294
259
603
132
317
816
461
508
455
267
11
177
729
476
858
630
806
639
61
634
19
615
476
12
662
605
572
546
906
777
718
957
202
751
8
830
368
285
532
260
843
248
203
35
60
951
330
716
330
950
121
349
780
13
298
898
956
855
892
842
671
952
748
453
308
599
241
652
787
807
32
201
582
24
523
834
875
63
736
573
266
278
129
845
799
962
254
711
941
629
245
935
748
799
539
244
334
359
715
813
406
628
476
18
903
966
443
456
745
334
370
53
201
148
919
92
229
186
378
255
524
632
273
42
977
683
111
976
404
897
704
83
606
445
124
7
985
292
780
291
719
194
111
738
286
795
560
337
79
260
48
650
240
178
344
498
909
667
819
296
209
744
437
697
19
846
267
521
778
124
773
903
507
516
709
869
501
71
565
886
235
52
849
732
207
32
819
19
407
688
874
631
345
324
188
335
91
986
752
725
190
155
661
589
772
929
564
679
627
713
819
712
597
607
622
705
817
48
465
310
280
364
14
524
690
257
566
46
458
660
620
373
608
145
622
211
610
299
663
286
670
236
88
411
958
801
208
790
105
183
161
986
962
575
562
434
911
95
359
607
909
762
407
815
579
540
154
151
78
435
508
246
922
101
663
609
461
874
739
339
261
803
129
750
212
261
867
693
468
20
147
309
367
459
73
98
73
148
947
124
144
148
731
334
718
444
42
674
108
475
390
520
494
715
576
140
976
350
826
178
32
931
873
977
80
742
359
702
63
889
520
498
151
948
26
325
402
763
435
121
920
487
229
233
293
327
229
574
235
483
410
542
52
340
924
853
696
356
521
171
737
417
877
965
781
137
791
612
459
60
105
651
989
682
152
885
435
783
333
878
475
173
589
53
926
187
929
435
803
274
567
47
37
388
842
738
368
631
516
556
902
681
750
596
267
445
474
186
332
24
195
807
308
342
632
574
222
803
408
226
812
687
913
944
419
179
596
466
637
923
181
355
17
507
903
506
971
201
267
477
906
350
19
215
430
436
549
824
332
786
462
202
365
640
693
474
110
286
934
670
534
613
865
981
269
899
270
75
643
795
703
345
42
228
363
999
562
585
217
818
6
655
384
645
262
874
537
293
511
797
885
845
859
859
183
643
254
461
935
704
402
159
694
619
649
391
45
818
775
590
266
358
574
936
692
265
123
811
563
293
287
899
967
287
543
94
551
589
99
953
746
136
891
273
645
567
323
522
777
961
129
493
975
423
664
612
383
787
26
964
552
82
782
631
15
667
390
37
150
361
961
974
682
896
970
65
600
914
880
567
428
342
795
845
147
340
367
705
301
573
851
241
546
270
683
783
283
213
675
887
344
643
379
246
367
148
214
500
734
82
377
85
779
878
764
700
155
820
947
619
37
87
192
80
129
124
616
561
562
987
368
431
559
562
571
769
973
1
688
754
997
680
75
440
754
80
78
910
98
118
577
322
996
346
235
512
614
964
18
37
15
231
410
708
482
440
656
953
727
139
38
82
302
464
767
53
671
461
290
904
463
80
851
768
871
456
315
253
241
550
639
285
903
185
91
733
199
303
343
396
760
354
83
571
702
92
242
974
941
807
852
146
60
186
527
441
680
961
55
222
937
45
331
668
714
362
155
251
964
36
987
845
40
855
241
283
839
556
770
126
594
981
756
713
650
727
418
603
85
355
965
207
680
139
589
502
97
90
387
441
633
721
148
227
761
240
499
625
377
259
960
723
31
937
411
194
178
988
561
170
385
816
759
196
272
314
615
39
862
705
738
600
7
672
645
740
971
21
458
524
26
327
549
6
260
72
908
551
753
722
622
665
975
151
943
188
247
193
349
119
148
964
355
800
185
659
399
18
449
546
768
625
272
239
673
342
742
412
648
790
68
514
264
860
309
773
940
231
171
983
666
174
311
411
781
468
826
754
153
487
551
590
804
96
719
424
874
803
36
544
817
24
759
990
83
606
25
812
505
313
254
989
788
156
106
846
378
41
526
576
440
762
70
516
999
242
206
785
561
533
958
725
604
43
819
43
883
456
684
511
962
124
181
541
89
678
219
954
548
127
687
914
388
238
68
102
152
793
10
137
556
742
502
282
561
62
343
570
845
79
380
171
766
594
33
960
339
650
699
37
773
872
937
389
326
108
633
771
503
404
663
401
262
949
397
873
321
811
632
872
276
613
117
661
762
951
243
115
105
257
974
638
330
121
812
538
814
367
318
247
930
244
883
738
275
310
517
697
728
175
165
982
906
823
644
659
370
246
646
106
147
487
227
203
642
348
67
310
366
636
754
595
626
543
237
126
976
636
754
234
227
940
186
208
8
864
622
383
211
866
626
378
880
33
11
628
26
31
215
134
869
514
427
891
631
874
337
237
885
97
36
414
413
992
495
550
272
780
147
599
259
845
337
62
620
455
635
664
482
760
451
788
14
386
18
895
453
478
490
577
977
292
252
58
235
404
468
782
616
946
870
731
810
877
55
841
35
305
66
151
92
183
15
704
763
82
622
966
540
162
293
785
680
298
104
884
36
941
752
979
62
877
138
869
206
418
241
109
90
480
339
889
755
168
656
340
614
81
748
720
833
203
405
985
695
582
283
296
916
603
601
603
960
555
211
601
494
597
939
798
652
646
989
565
33
174
43
950
571
455
881
159
789
413
489
224
290
519
406
465
973
372
389
116
911
481
822
600
20
592
674
740
410
296
915
918
35
814
566
267
685
459
817
574
209
638
678
654
829
861
224
707
964
37
99
5
676
640
922
426
50
673
798
901
225
375
765
566
407
131
514
831
671
754
144
701
42
506
657
76
158
508
494
629
928
143
810
88
167
283
579
878
958
216
556
644
547
356
410
364
703
213
228
592
987
830
799
431
108
647
820
975
788
168
821
570
112
599
696
758
570
628
914
444
413
106
893
157
394
898
959
197
80
320
833
272
272
306
701
361
803
153
357
864
404
749
824
613
540
620
727
990
187
781
458
899
98
444
240
4
13
253
947
700
277
516
903
851
160
120
679
150
723
205
547
434
862
553
620
757
513
453
996
540
270
547
57
123
461
487
745
497
771
161
817
9
286
643
898
632
904
190
45
512
176
678
485
786
832
83
563
644
750
227
139
277
789
126
564
300
705
415
590
608
392
567
523
635
534
523
254
549
913
458
92
419
540
803
662
34
806
12
898
512
662
707
828
374
985
804
897
266
131
612
833
843
286
998
626
569
492
616
612
180
169
133
11
984
592
989
302
183
473
746
656
492
651
26
232
23
663
395
399
639
979
590
865
435
976
435
648
944
433
314
611
118
49
307
510
995
328
323
546
849
984
996
923
489
895
201
846
619
17
340
378
741
418
822
967
11
976
317
252
815
676
303
476
700
397
798
613
967
116
184
699
341
943
846
449
1000
929
220
762
376
214
172
766
676
804
47
375
632
707
415
592
118
189
211
529
416
515
209
647
191
897
173
999
66
297
513
279
310
191
543
971
519
913
416
444
383
63
219
60
252
725
619
622
432
636
697
311
874
716
440
819
691
426
782
950
952
375
45
117
935
245
868
799
350
342
222
634
506
768
24
966
89
107
560
429
425
203
820
333
143
291
421
894
840
662
930
624
752
358
308
613
854
320
524
22
974
877
429
618
293
999
114
288
529
82
589
759
136
569
135
161
387
672
17
632
229
967
421
591
756
153
924
644
844
454
179
412
313
184
920
670
817
883
888
222
39
867
508
291
792
312
576
758
117
125
42
381
991
966
944
876
309
762
891
449
893
615
699
638
741
836
929
550
305
792
891
632
475
414
755
383
373
316
737
395
934
515
952
139
879
853
377
669
875
362
939
672
163
970
687
156
585
814
789
786
365
178
561
875
554
109
679
995
458
451
484
507
607
132
763
819
502
209
610
495
693
183
161
309
77
600
838
742
838
442
622
844
624
124
74
126
911
86
581
178
267
251
579
666
750
825
82
384
390
516
601
615
523
982
695
326
305
180
159
21
969
819
701
532
594
78
608
531
600
471
239
291
787
28
297
940
886
455
722
699
112
152
83
669
307
897
636
200
965
650
954
450
772
659
859
258
925
641
145
941
992
358
411
228
572
404
740
91
77
55
606
910
607
338
828
437
487
414
759
877
582
441
595
215
173
505
230
874
18
195
130
544
77
772
903
841
256
165
785
107
242
400
167
86
65
529
104
904
896
129
505
180
658
203
461
36
16
915
797
196
198
452
580
990
890
142
463
605
572
56
140
740
452
221
890
210
424
131
198
992
586
737
652
554
667
264
344
934
323
353
129
86
511
392
560
877
883
588
540
62
689
24
647
697
927
775
257
475
98
979
253
770
647
755
983
907
510
918
408
887
688
727
824
133
921
213
236
84
441
453
663
862
186
208
323
547
978
736
848
529
630
464
229
673
891
307
487
918
498
330
807
519
803
830
857
156
483
257
306
806
159
334
584
538
264
384
910
322
289
277
210
510
740
655
983
158
581
394
882
453
992
450
68
323
524
964
829
165
256
894
832
646
91
424
149
746
87
506
602
654
597
533
233
162
485
911
971
832
22
396
971
577
402
786
854
168
722
436
807
252
662
345
761
985
618
986
628
427
667
974
264
158
764
512
633
562
551
629
315
44
579
363
426
2
985
163
97
775
37
82
946
709
739
989
49
92
950
90
877
127
711
385
203
66
43
263
66
656
529
344
957
848
670
440
832
479
248
425
404
173
916
675
82
58
524
969
405
212
846
344
318
513
489
425
269
137
41
247
707
149
945
785
984
817
743
595
673
526
273
428
844
546
914
676
560
928
227
837
591
686
933
237
415
568
607
370
446
996
906
966
757
68
263
897
406
419
22
649
873
748
950
95
789
834
374
301
415
349
161
297
881
326
271
767
99
349
22
507
516
393
893
693
643
416
971
437
271
320
106
679
888
483
496
634
705
774
597
808
142
769
204
597
50
299
899
182
332
988
91
918
132
780
29
721
399
365
134
696
920
399
201
171
658
972
748
86
920
207
714
521
666
173
630
111
42
754
548
264
853
4
489
139
805
606
371
189
18
688
533
731
583
518
996
945
857
301
966
808
740
803
947
749
669
975
693
350
605
922
773
434
95
787
771
962
50
954
826
634
418
972
953
266
831
940
898
471
452
231
219
677
658
370
854
426
558
458
429
225
909
78
600
673
77
807
437
885
170
208
585
673
63
813
337
283
263
902
302
673
633
52
214
131
454
929
121
199
519
682
827
284
512
729
202
888
677
948
756
691
309
394
975
257
181
365
11
820
41
687
703
299
627
897
510
184
119
558
563
695
96
993
295
954
83
893
247
552
475
71
162
325
847
849
921
341
975
961
526
943
510
677
590
538
839
851
220
883
956
8
603
232
878
171
922
371
705
481
575
839
460
84
494
953
922
805
14
525
832
974
378
817
56
10
424
909
298
421
16
241
758
942
297
224
572
58
535
241
945
150
191
90
362
989
573
376
642
223
550
275
397
205
824
183
144
613
178
98
636
333
981
832
666
381
13
442
997
833
866
687
222
170
376
226
954
369
25
645
825
849
924
494
197
967
226
567
693
14
147
867
820
47
771
701
439
770
866
845
876
919
152
953
600
927
946
662
110
340
480
139
367
805
195
997
16
543
51
660
299
596
681
463
778
639
610
30
545
596
79
531
459
711
851
593
668
354
194
830
660
240
906
349
355
343
109
298
492
653
546
667
695
973
572
23
668
374
574
425
911
182
481
677
137
88
433
144
792
111
132
240
9
66
137
583
456
778
373
592
179
803
611
701
56
833
368
467
226
835
566
24
57
32
107
930
824
386
314
216
827
887
891
484
718
621
337
318
666
197
258
880
181
409
589
52
953
920
913
84
16
150
503
336
862
905
428
760
323
915
155
732
869
508
249
862
849
896
932
431
295
168
564
44
39
344
239
807
32
839
704
736
20
857
648
405
580
904
325
751
808
514
947
803
166
626
329
766
808
425
879
391
886
422
154
173
448
305
666
472
701
89
273
709
713
433
614
955
621
121
575
54
373
256
977
36
536
847
380
911
953
900
944
422
294
92
800
278
799
174
28
789
153
791
880
168
867
942
59
206
780
679
953
375
659
248
342
693
794
374
210
278
31
618
617
184
207
529
847
511
7
155
516
36
74
873
971
348
243
985
677
306
118
941
699
514
780
459
191
16
415
994
487
548
993
418
646
95
351
242
599
178
585
837
381
912
565
976
102
899
451
487
658
774
77
364
763
516
328
856
605
302
877
726
402
607
804
119
769
263
386
197
337
654
869
797
929
511
994
463
928
155
98
312
164
579
524
885
664
216
393
786
325
964
9
189
6
420
902
174
438
140
395
166
10
609
118
595
910
126
41
761
589
807
769
187
483
581
409
654
817
597
787
277
571
345
234
972
690
117
733
832
451
704
913
999
550
627
395
749
272
361
661
830
930
148
884
770
105
775
165
682
239
342
286
275
389
766
985
689
192
984
397
669
312
406
659
796
226
29
539
272
621
109
940
334
589
781
739
467
42
575
458
158
428
389
55
811
826
892
753
909
785
94
955
569
356
538
102
208
706
355
5
275
369
589
458
596
600
865
293
40
849
868
181
35
383
700
458
107
876
6
448
908
436
265
497
784
431
891
903
345
1000
750
944
995
145
230
631
843
913
662
435
751
975
133
304
839
519
701
132
112
664
883
710
476
270
30
381
124
479
586
979
195
609
300
102
912
900
585
187
958
23
980
74
378
440
215
303
912
48
570
604
414
986
156
790
344
875
955
390
381
158
178
171
573
893
93
924
514
510
751
48
527
785
309
242
98
702
572
899
919
588
744
29
9
826
412
340
225
859
288
397
561
4
831
808
182
294
437
538
227
434
61
86
386
237
316
693
259
104
255
177
931
123
305
901
707
487
428
642
32
12
287
833
555
573
599
349
53
188
733
445
675
578
487
13
236
639
998
378
860
758
431
483
863
569
512
987
968
757
946
562
131
30
224
263
784
513
975
15
195
263
557
711
993
629
613
336
904
583
391
206
537
729
179
991
732
407
394
516
191
850
690
686
663
688
775
771
680
138
596
478
195
405
426
375
365
143
174
180
252
905
819
986
860
491
374
68
761
371
832
839
594
165
975
52
306
716
193
339
391
203
989
633
254
852
331
2
463
648
143
813
259
431
932
501
43
901
697
898
427
880
155
790
855
732
798
577
398
661
23
663
285
799
218
407
184
520
584
718
155
766
395
674
176
291
155
327
947
225
178
139
718
613
758
477
691
869
677
602
250
24
951
185
951
122
887
933
733
363
777
803
893
37
777
857
739
762
16
972
430
699
356
388
571
97
83
342
358
578
524
387
620
761
150
103
38
22
957
340
579
934
768
271
545
267
116
772
684
858
359
437
738
990
661
62
923
372
709
746
290
147
664
662
789
667
687
554
492
567
406
533
951
445
568
427
881
429
467
425
505
850
763
838
929
850
24
727
623
507
790
767
660
362
467
515
659
948
693
425
787
188
225
965
438
173
731
303
891
134
218
577
27
106
888
561
316
188
945
316
757
542
777
343
769
580
894
861
469
927
881
385
37
83
735
690
200
418
897
532
469
77
393
663
89
679
412
40
265
639
731
520
567
721
472
502
501
426
443
489
787
818
64
700
743
356
365
919
258
322
863
692
94
542
438
138
927
461
945
970
657
111
526
599
927
59
259
235
252
212
881
687
706
13
689
407
24
12
718
483
129
120
449
586
420
660
925
919
91
492
261
797
138
829
268
188
22
125
457
668
305
681
952
690
257
893
829
686
790
322
400
475
403
607
213
779
827
381
641
824
997
716
637
469
411
593
986
375
430
543
155
910
880
616
400
231
207
982
473
287
511
727
317
465
669
851
533
388
196
609
334
408
478
84
323
836
727
336
270
970
208
379
783
665
978
750
751
709
409
759
356
945
843
560
916
425
912
110
720
795
891
974
680
819
217
189
933
153
981
507
447
742
56
515
845
406
510
6
410
630
713
813
353
836
627
401
488
311
828
205
404
369
594
187
408
415
146
13
665
735
388
525
46
865
135
912
414
367
580
217
807
152
946
806
872
940
385
462
545
196
78
92
619
745
857
193
853
887
644
974
372
93
261
96
484
216
92
50
288
245
756
423
548
617
87
146
791
799
512
924
704
633
886
448
661
628
601
695
391
92
398
595
909
488
172
543
781
378
801
88
18
20
388
597
219
454
116
550
102
545
282
809
234
292
964
311
364
365
420
139
351
260
701
672
617
371
935
627
393
990
540
683
492
394
652
943
243
485
378
697
395
62
533
6
772
927
394
237
177
195
473
985
764
756
427
54
567
157
745
190
415
408
948
437
414
801
424
93
904
998
153
357
534
13
589
400
336
31
341
79
466
159
177
784
29
502
563
184
444
749
299
907
230
962
274
810
780
541
163
613
113
786
954
541
169
121
966
750
953
265
200
24
886
164
612
971
831
283
998
505
606
15
196
901
367
471
782
606
571
906
819
825
341
711
727
741
10
801
345
95
479
462
218
183
911
940
883
307
231
583
839
27
58
658
941
711
829
781
880
873
845
660
217
803
56
864
560
856
632
867
819
824
361
193
783
408
483
540
165
572
529
402
328
5
584
269
337
141
793
414
295
400
91
280
121
826
492
524
956
999
425
102
884
138
533
520
979
856
746
488
474
238
328
13
671
370
791
582
556
424
619
802
176
205
322
663
634
893
293
65
441
612
193
713
613
977
309
144
824
862
179
266
669
102
675
84
717
458
811
835
913
887
493
898
276
945
616
116
929
459
125
853
841
937
684
620
806
494
950
767
31
242
168
18
745
206
263
539
941
234
48
777
508
560
164
63
990
748
126
172
139
102
969
750
668
538
820
597
929
961
28
718
641
497
534
486
78
676
900
259
478
878
842
486
739
468
802
341
877
696
483
544
801
91
52
438
719
845
273
312
11
161
757
840
589
301
720
970
972
88
680
934
47
796
23
401
627
112
410
520
776
271
270
757
227
177
182
778
807
395
151
271
827
396
332
100
326
780
159
822
211
337
572
226
438
521
204
30
479
697
404
961
220
623
184
252
461
81
662
663
70
530
587
983
337
94
171
915
966
588
407
241
495
570
113
814
88
977
297
757
653
191
982
550
86
820
734
368
707
906
615
558
450
614
917
227
928
727
351
796
878
694
113
467
579
493
465
575
81
770
467
698
132
688
588
977
411
807
268
674
776
219
641
749
6
681
797
438
615
900
481
578
378
625
927
167
514
310
647
466
118
531
725
352
550
624
771
393
339
388
38
503
163
555
683
137
273
485
769
670
619
529
521
598
167
683
459
978
855
82
219
78
368
390
110
935
154
683
363
470
755
297
833
312
295
473
792
547
19
725
713
682
361
478
944
978
785
47
955
268
310
585
57
853
278
169
751
412
327
635
377
598
894
869
424
820
738
693
710
808
661
809
597
373
548
730
995
324
729
277
174
608
288
694
465
188
677
741
736
909
713
615
926
382
21
163
82
569
880
419
385
19
867
670
100
573
279
969
559
344
45
491
50
197
844
359
620
25
91
983
931
287
512
476
730
131
198
544
781
407
830
619
505
539
120
291
965
54
966
584
675
445
184
243
886
805
496
178
626
77
57
33
736
443
707
875
190
10
768
924
224
406
233
706
517
109
262
663
626
355
51
786
312
137
712
685
890
8
458
394
758
945
917
642
582
737
143
454
510
545
686
624
48
487
498
122
483
714
746
19
266
206
626
741
320
417
981
990
198
337
658
521
86
33
324
596
584
67
670
702
458
601
224
713
332
625
249
987
313
984
69
359
123
846
886
835
235
622
500
30
782
215
212
343
236
695
721
239
533
281
220
665
527
733
94
802
967
921
328
504
726
256
407
989
239
939
501
355
243
601
546
95
399
612
659
53
685
234
450
96
955
610
934
182
94
766
969
212
413
43
412
253
493
12
116
55
947
922
545
175
452
560
207
150
587
789
542
907
656
736
885
329
705
322
202
226
694
517
70
148
644
573
800
138
310
269
23
175
329
454
396
662
909
539
300
997
693
881
836
166
287
71
926
263
917
946
331
949
200
532
925
174
543
404
232
396
88
804
325
45
323
223
566
492
532
999
258
516
133
513
452
195
742
115
516
247
458
475
997
367
373
398
414
967
467
967
997
957
462
443
912
539
386
828
64
620
459
680
901
926
886
221
618
513
337
398
865
230
737
549
46
878
363
530
924
766
939
219
144
539
566
439
101
84
293
67
863
205
831
410
995
991
545
590
236
168
541
237
723
744
471
888
591
845
212
5
136
645
45
601
906
642
572
194
787
795
448
737
919
899
711
720
439
972
693
452
515
130
767
597
918
471
446
518
902
355
841
790
950
404
886
601
923
182
48
414
34
722
682
720
540
516
284
444
580
643
933
912
100
643
542
970
305
18
89
836
398
631
490
525
737
213
361
426
642
984
614
937
19
208
115
459
399
224
966
702
689
932
717
869
879
54
472
109
565
240
918
608
761
279
641
320
190
36
274
56
714
470
588
557
772
598
945
433
337
851
405
740
322
606
302
952
650
915
182
552
552
8
499
278
635
901
769
313
505
517
230
642
219
690
384
924
102
568
804
55
74
711
864
982
456
677
240
73
492
632
960
954
407
695
583
590
566
883
913
106
217
162
416
461
868
446
973
131
373
113
773
482
439
485
959
844
58
160
293
290
138
137
984
632
152
891
317
591
50
924
705
581
452
975
834
843
2
84
450
820
739
198
141
909
87
798
270
902
471
279
488
790
115
744
498
955
663
454
775
854
861
988
330
980
579
774
117
709
540
418
768
53
944
964
254
873
472
872
704
882
429
939
82
329
768
182
951
369
599
210
787
896
462
867
661
37
246
813
872
309
920
21
561
949
456
299
10
544
358
267
687
328
703
817
158
787
516
361
133
728
461
420
581
244
476
533
992
715
244
190
920
574
259
33
980
158
1000
848
111
722
448
7
188
317
891
105
275
154
904
986
907
231
577
584
169
270
162
349
497
876
233
309
575
560
254
615
717
117
948
449
536
45
264
552
834
631
548
939
441
124
133
159
18
723
579
308
408
626
295
120
568
762
837
987
24
920
445
811
159
4
657
849
153
841
210
352
100
997
712
35
293
725
624
231
398
493
244
725
835
320
388
195
148
121
621
439
876
441
223
49
615
558
597
270
959
788
645
513
700
391
270
127
511
983
997
479
503
976
978
369
671
896
239
793
275
468
733
504
350
786
835
20
827
460
906
804
680
205
745
218
895
509
521
860
64
507
599
83
34
430
844
355
723
888
828
177
970
180
692
157
741
629
957
584
756
33
469
404
450
880
475
107
869
418
614
399
16
831
580
394
46
527
832
433
178
796
6
359
614
759
69
214
69
321
560
557
166
819
647
438
115
944
555
179
906
346
345
851
845
457
321
57
825
25
755
600
607
105
74
531
920
677
931
762
955
445
117
411
674
914
869
136
596
176
859
999
765
778
606
616
715
364
881
363
905
208
578
823
887
324
105
231
197
75
538
686
158
537
307
84
922
852
523
599
771
73
664
376
620
861
594
313
415
308
887
815
166
649
42
711
696
136
524
285
940
867
639
113
762
380
983
680
309
66
349
126
425
730
588
610
818
620
20
628
937
220
793
96
779
20
807
849
477
715
943
416
103
435
147
167
867
337
949
480
287
286
641
676
715
504
135
90
184
786
320
701
98
33
610
130
257
552
223
344
120
374
752
678
760
841
211
73
958
136
803
430
558
142
470
678
680
77
959
439
275
135
800
26
118
507
952
590
458
183
36
685
858
976
983
915
779
270
216
127
878
626
976
501
149
301
917
801
607
98
437
690
859
689
815
609
313
269
617
159
52
105
194
402
673
576
485
863
534
895
753
537
678
645
833
782
423
418
328
304
582
39
611
201
134
89
420
757
222
683
397
950
227
408
137
286
72
243
137
456
594
123
747
975
165
915
594
972
134
22
167
217
932
177
134
368
95
50
494
739
403
218
189
447
347
269
163
395
607
446
577
572
680
834
387
373
986
470
245
309
226
901
789
587
826
304
97
692
241
482
72
862
138
828
441
772
422
909
448
142
211
50
738
656
867
491
557
188
814
745
183
272
579
718
350
739
105
138
105
309
852
204
45
244
535
913
793
315
408
375
14
910
114
159
501
938
948
294
236
316
626
984
504
7
628
169
642
523
136
671
843
118
77
898
1000
482
767
815
491
534
452
419
184
530
750
515
46
65
872
16
773
443
848
768
206
645
748
485
276
26
912
615
203
703
121
498
976
450
795
647
188
821
162
396
827
905
868
878
246
634
848
673
268
405
472
19
179
325
650
715
724
867
237
667
10
284
589
916
237
332
230
682
780
229
403
867
107
488
408
422
830
759
684
427
698
712
177
692
188
118
519
419
582
515
227
475
602
677
106
243
148
770
15
600
777
498
985
425
358
548
234
951
363
533
674
417
235
679
792
209
623
705
323
473
175
193
373
780
701
351
729
338
201
659
970
85
995
913
183
600
618
283
53
709
138
932
171
907
778
904
425
983
667
767
444
12
947
573
322
130
340
94
170
322
647
778
95
557
774
559
436
863
908
598
929
834
993
622
901
175
329
924
931
440
424
134
212
976
371
545
291
904
66
490
227
212
782
60
247
492
418
178
355
822
65
275
107
60
571
286
98
709
751
79
770
968
125
714
194
307
817
927
414
166
869
249
307
136
770
656
796
424
870
251
231
653
9
34
376
748
959
258
129
432
482
900
857
393
935
54
585
341
543
971
15
550
489
164
794
310
850
315
275
278
398
285
406
39
659
294
885
95
433
280
378
992
601
982
565
327
524
703
189
955
536
44
289
294
772
645
740
133
917
410
326
422
832
524
397
327
909
284
958
476
507
103
321
287
587
396
13
91
249
753
974
202
987
221
663
358
425
62
5
415
58
216
528
524
259
661
382
334
576
44
355
705
359
21
829
218
301
428
366
64
860
134
653
793
762
854
465
68
323
492
938
312
798
540
734
595
72
61
611
271
975
153
134
839
235
89
731
112
313
529
531
374
808
63
157
935
345
91
964
210
834
972
887
370
344
684
218
700
577
706
336
299
345
240
947
535
437
903
177
423
101
478
740
665
48
268
451
903
308
763
549
706
15
414
818
723
628
371
564
4
280
27
539
286
673
984
740
950
760
962
633
257
338
10
696
503
299
651
418
901
375
34
228
435
195
528
686
706
51
868
838
948
383
450
117
285
549
292
769
195
606
150
424
927
227
996
26
378
631
13
708
424
645
913
430
668
806
67
19
185
109
573
541
977
113
18
113
68
646
10
158
478
256
203
486
373
850
90
38
976
62
458
732
538
39
946
579
106
349
410
259
21
774
124
473
584
95
356
551
625
68
23
43
580
423
633
314
315
748
43
501
435
188
324
925
127
408
756
52
220
667
935
745
485
145
460
857
763
667
642
107
585
313
649
552
903
898
914
319
734
189
815
624
496
506
805
268
815
333
515
410
118
196
972
313
342
168
943
517
619
283
62
839
882
493
910
918
923
97
434
252
91
597
618
448
750
135
18
140
959
342
515
874
659
85
442
731
464
100
126
20
378
327
435
794
12
445
919
523
159
418
435
312
118
282
241
98
324
339
41
869
941
316
243
983
719
198
616
136
605
706
188
694
212
914
989
388
789
498
648
693
971
321
828
840
430
312
551
657
520
625
394
139
692
790
600
657
522
393
544
627
651
239
50
697
442
901
282
153
593
337
261
405
289
191
382
596
399
829
578
48
997
439
960
752
873
579
767
188
345
711
517
360
372
703
174
601
935
765
756
445
922
989
846
667
771
478
513
58
566
887
967
343
232
242
924
446
322
744
943
921
608
747
883
952
928
528
957
976
778
562
809
775
411
831
238
81
485
600
242
485
40
980
173
603
975
526
303
231
911
104
745
851
506
229
844
419
130
695
121
704
995
398
62
341
317
375
73
378
286
174
920
604
643
374
832
861
620
624
763
375
513
253
431
748
635
273
693
491
382
796
304
520
267
439
641
437
214
365
803
74
466
343
363
215
668
198
17
154
317
808
166
940
13
323
156
697
840
722
860
389
941
365
209
697
925
62
117
869
883
849
152
555
829
354
710
685
336
853
671
289
567
444
83
441
249
211
21
794
949
199
862
226
676
109
600
639
240
718
587
372
589
388
837
160
399
424
423
726
339
629
320
206
852
150
374
545
183
692
591
206
486
28
544
316
950
388
115
409
412
272
744
22
917
835
443
707
377
229
59
213
48
211
338
507
793
113
874
404
355
835
732
844
893
183
817
313
40
229
332
708
882
792
169
480
663
376
446
351
250
389
624
208
164
270
275
722
226
705
420
92
459
329
833
374
288
502
879
45
39
158
456
369
143
114
235
393
468
254
944
429
669
569
910
245
425
729
470
491
850
904
985
545
627
986
461
804
103
828
576
451
992
100
417
274
950
201
785
425
237
310
801
552
87
770
111
747
758
643
42
101
872
564
815
583
289
601
124
481
199
101
472
403
795
28
761
27
848
466
709
340
335
760
94
551
394
347
902
223
965
299
659
261
636
614
86
744
92
943
344
292
145
215
772
433
308
929
580
696
269
944
181
469
862
60
615
385
515
818
841
189
79
290
278
944
266
850
161
851
692
932
571
840
974
720
977
46
62
999
537
166
619
323
277
97
133
827
416
650
542
118
82
231
454
101
586
397
984
515
87
454
218
203
333
259
100
833
735
945
616
12
238
21
207
797
89
54
468
594
693
602
264
168
887
348
923
861
242
618
814
718
559
678
574
527
372
397
148
770
827
863
173
273
804
17
226
1000
892
590
624
160
169
725
357
840
412
447
677
134
465
140
949
379
955
142
179
665
421
449
786
563
621
351
560
185
106
843
742
666
384
77
161
723
790
591
898
970
651
85
18
383
712
887
202
886
695
539
57
192
843
131
30
230
576
673
190
548
112
320
190
39
779
411
91
735
398
80
4
962
119
217
385
945
36
422
747
724
964
596
621
942
293
816
576
77
91
751
119
930
926
860
799
114
804
728
87
79
523
770
549
86
979
410
453
786
124
442
562
819
578
179
905
518
562
792
555
852
58
505
741
958
343
623
687
421
855
903
592
532
964
560
213
764
726
337
643
790
542
682
920
877
5
843
945
194
114
4
922
702
811
865
521
633
845
304
522
643
956
402
984
665
948
894
771
487
24
162
515
229
843
761
683
63
93
147
306
524
698
897
530
503
98
414
36
270
887
701
53
646
714
728
782
291
554
811
678
217
825
292
665
33
314
844
624
332
963
700
135
412
699
310
649
580
622
82
849
37
529
135
99
243
805
484
336
369
401
553
211
232
612
851
379
260
845
590
382
419
203
448
400
908
237
813
945
235
985
563
618
190
608
980
198
582
393
478
533
298
785
677
595
550
140
35
552
424
28
83
226
537
922
153
91
16
60
872
500
474
568
62
344
857
292
500
426
115
382
201
643
199
360
1000
397
690
166
676
565
342
534
108
821
425
372
831
567
359
7
475
817
766
496
830
328
358
833
967
726
901
148
782
417
143
192
923
929
496
32
744
425
920
694
542
269
61
803
584
325
126
432
40
971
560
836
908
302
306
427
477
132
155
589
213
153
175
338
688
480
723
56
207
273
913
271
491
877
342
756
247
769
1
918
307
946
614
956
328
286
432
904
971
426
326
949
844
196
168
366
483
417
263
500
531
541
962
680
55
111
120
134
843
45
590
424
763
399
331
698
23
609
988
16
935
897
433
157
996
520
189
694
34
383
215
409
324
287
154
858
297
963
985
844
78
248
314
473
844
597
195
287
108
3
784
604
785
528
597
717
212
413
337
201
188
923
12
221
833
957
819
937
819
810
689
214
244
277
374
354
219
763
434
366
266
546
329
182
126
705
995
419
505
80
532
624
462
65
899
992
140
705
925
408
511
265
497
270
373
243
719
897
340
414
99
535
113
767
22
817
458
717
151
107
951
136
834
360
74
740
470
223
164
174
914
362
245
558
946
184
621
104
738
66
11
711
700
335
755
557
441
747
616
178
712
674
770
706
833
271
482
8
646
787
692
344
239
912
424
242
524
954
658
68
700
488
451
36
968
350
872
185
837
610
481
472
631
230
849
949
963
589
168
764
659
839
12
154
253
760
339
283
253
514
740
541
954
836
873
814
198
114
87
522
196
929
885
946
284
171
209
520
366
384
889
147
526
140
594
126
507
524
367
668
549
560
337
336
220
800
146
955
505
958
698
632
945
547
931
761
16
909
526
41
186
15
250
602
816
323
439
498
478
987
907
341
514
613
307
120
396
5
217
600
299
731
112
178
339
240
928
151
90
754
120
986
93
989
836
892
820
212
217
822
970
692
752
154
796
684
407
761
65
662
810
982
13
475
567
680
671
627
21
658
692
168
63
808
429
985
799
855
518
474
113
98
254
597
680
828
811
574
990
70
73
187
34
422
206
239
828
624
365
787
973
540
247
391
948
955
670
829
177
871
594
766
249
805
206
959
840
500
446
971
633
407
924
787
782
971
645
244
719
552
229
62
910
723
465
860
553
413
789
714
757
107
542
448
720
800
95
981
795
788
651
681
75
548
165
802
436
921
246
480
838
647
656
913
829
801
895
788
258
667
640
597
476
511
357
480
635
603
560
218
950
4
323
682
467
346
373
224
410
244
576
435
437
123
142
581
147
754
329
756
563
480
610
857
262
375
321
804
585
362
140
435
190
346
276
28
892
255
565
292
364
826
725
885
306
677
699
1000
859
89
756
568
387
447
631
451
55
118
18
431
515
192
804
875
221
807
774
887
619
807
707
664
347
630
468
770
216
949
830
228
863
899
562
86
936
328
368
912
268
658
274
863
723
905
123
229
508
549
988
779
438
358
499
724
381
468
933
702
103
256
664
130
657
187
481
171
575
477
302
908
289
340
902
507
7
312
335
979
443
953
853
430
594
467
320
366
997
371
511
620
895
482
994
256
682
330
425
95
211
454
744
636
158
333
191
560
488
290
978
744
662
601
677
951
253
900
359
265
581
65
555
524
426
375
603
547
1000
323
84
26
366
790
522
905
387
311
886
894
634
912
267
113
291
153
414
161
23
578
186
252
26
991
231
674
405
326
950
148
647
244
924
13
277
546
267
734
960
721
342
348
511
243
465
593
247
931
864
478
295
665
181
580
347
525
50
643
242
49
381
767
98
129
723
484
692
889
323
53
382
333
881
329
295
644
465
164
415
991
76
347
213
543
552
617
869
63
379
452
763
158
593
837
384
956
1
771
947
615
47
533
82
764
194
344
824
868
930
275
46
950
493
179
937
501
267
807
596
127
515
156
844
794
578
893
873
773
553
381
230
147
869
652
744
64
261
219
573
274
735
355
417
631
866
560
518
521
112
451
465
417
20
721
358
908
604
756
219
763
844
208
387
63
374
659
753
45
939
250
558
159
524
725
866
798
128
446
278
280
87
585
473
703
462
912
34
752
502
291
91
424
358
960
293
767
262
249
445
59
746
784
514
549
609
729
596
85
102
308
870
761
831
716
135
902
991
145
921
682
321
2
559
957
183
883
229
994
2
849
772
683
679
160
539
356
575
849
555
793
910
95
424
357
734
477
58
944
936
760
264
289
505
631
891
596
928
334
865
945
779
265
177
824
799
700
561
544
225
129
250
250
957
473
993
125
639
474
307
710
96
7
158
304
926
689
503
590
464
78
934
535
591
707
959
378
603
832
914
760
197
603
37
437
251
488
419
838
886
354
732
753
540
558
297
920
7
852
97
110
784
656
633
623
979
902
88
299
981
917
465
687
675
594
888
793
14
87
986
472
72
829
798
344
608
362
702
513
542
420
588
72
330
914
767
829
939
436
408
89
161
402
805
467
340
427
369
370
200
811
588
574
434
22
582
863
881
660
424
407
601
176
60
716
931
122
292
734
298
113
640
544
849
329
896
404
955
32
679
570
494
182
830
277
770
268
676
480
516
756
992
522
995
43
832
731
651
461
200
140
762
242
984
865
927
997
359
110
80
952
208
623
983
190
229
797
501
614
217
292
127
266
463
98
195
556
40
531
272
904
468
242
620
599
949
30
241
83
360
572
148
204
212
613
288
167
36
209
964
762
220
364
805
616
600
800
567
579
464
375
832
339
18
348
889
218
208
553
593
315
146
97
555
118
29
763
142
409
821
542
410
470
580
873
699
762
215
121
821
860
826
895
84
834
932
502
442
427
718
246
850
277
666
166
979
275
417
705
665
596
294
461
834
562
405
207
675
451
365
3
951
794
642
992
194
337
32
512
343
949
32
188
514
487
559
834
272
742
231
874
781
481
783
410
409
593
676
355
453
405
41
708
508
841
361
560
394
317
816
721
914
273
761
496
262
324
457
764
726
413
881
829
826
701
180
24
632
200
48
587
778
830
93
25
794
528
691
532
187
488
607
679
581
553
873
764
804
974
582
615
577
56
912
201
247
843
458
242
872
626
471
836
284
220
786
566
484
200
781
718
134
894
939
464
598
52
163
435
579
465
404
696
794
697
833
149
616
798
163
477
898
181
479
776
684
638
465
146
525
389
457
361
647
161
696
94
553
289
428
906
153
275
226
742
88
391
326
854
584
190
839
923
69
401
440
18
846
120
867
502
882
391
579
427
351
855
864
342
405
366
844
930
398
283
105
277
234
562
191
702
844
698
929
584
279
619
296
995
762
167
626
606
704
717
920
512
613
54
703
448
714
581
953
603
962
108
643
339
181
446
862
209
835
462
647
717
727
706
315
696
65
852
776
701
154
461
108
267
307
505
35
20
117
389
379
611
97
468
858
429
270
792
154
164
812
918
858
875
299
988
898
860
939
590
883
419
581
953
471
234
174
139
289
360
285
277
359
16
71
531
385
927
851
624
414
178
818
593
24
473
74
65
323
799
56
624
867
682
728
364
819
572
892
763
641
895
22
613
948
388
474
415
63
507
395
201
323
388
711
688
804
159
1
790
720
985
257
338
614
821
170
21
123
246
890
155
131
428
869
377
424
828
459
852
13
261
69
522
212
321
910
136
29
479
89
930
844
570
896
900
725
348
681
764
41
71
388
43
262
696
157
666
286
781
441
995
396
127
337
541
95
352
463
765
322
776